1	0	1	1
2	7	1	1
3	14	3	3
4	35	131	40
5	862	2	1
6	875	3	2
7	894	2	1
8	907	3	3
9	928	6	1
10	965	7	4
11	1011	5	2
12	1043	4	2
13	1069	6	3
14	1108	4	2
15	1135	14	13
16	1230	2	1
17	1245	17	16
18	1354	13	10
19	1439	76	37
20	1921	86	38
21	2461	5	2
22	2496	1	1
23	2505	15	11
24	2603	5	2
25	2637	1	1
26	2646	5	4
27	2680	1	1
28	2689	1	1
29	2698	7	2
30	2743	2	1
31	2758	3	3
32	2780	558	70
33	6385	5	4
34	6420	1	1
35	6429	4	4
36	6457	1	1
37	6466	27	17
38	6641	2	2
39	6657	2	2
40	6672	1	1
41	6681	1	1
42	6690	1	1
43	6699	1	1
44	6708	3	1
45	6729	8	5
46	6781	1	1
47	6790	5	4
48	6826	1	1
49	6835	2	2
50	6850	27	17
51	7019	5	5
52	7055	16	15
53	7160	3	3
54	7183	2	2
55	7199	2	2
56	7215	7	6
57	7261	7	6
58	7309	5	5
59	7344	4	2
60	7371	3	2
61	7393	11	5
62	7468	5	3
63	7502	9	1
64	7558	20	12
65	7685	1	1
66	7694	1	1
67	7703	29	20
68	7889	85	31
69	8423	1	1
70	8432	1	1
71	8441	17	11
72	8553	21	15
73	8692	6	4
74	8733	9	8
75	8791	3	3
76	8814	4	4
77	8842	1	1
78	8851	2	2
79	8867	12	10
80	8951	12	8
81	9032	4	4
82	9060	3	3
83	9082	3	2
84	9103	1	1
85	9112	2	2
86	9127	4	4
87	9154	5	5
88	9190	1	1
89	9199	15	9
90	9300	19	12
91	9427	6	6
92	9470	2	2
93	9487	1	1
94	9497	20	15
95	9628	7	5
96	9672	1	1
97	9682	74	36
98	10152	12	10
99	10233	1	1
100	10243	13	10
101	10330	6	2
102	10369	1	1
103	10380	2	1
104	10397	4	4
105	10425	1	1
106	10436	1	1
107	10447	16	9
108	10549	7	7
109	10598	3	3
110	10623	8	6
111	10676	4	4
112	10707	3	2
113	10729	2	2
114	10747	3	3
115	10771	6	4
116	10813	7	5
117	10862	10	9
118	10929	1	1
119	10940	2	2
120	10957	1	1
121	10968	6	4
122	11011	1	1
123	11022	1	1
124	11033	10	9
125	11100	2	2
126	11117	1	1
127	11128	8	8
128	11185	7	7
129	11234	1	1
130	11245	6	4
131	11288	1	1
132	11299	1	1
133	11310	13	11
134	11397	3	3
135	11421	2	2
136	11439	2	2
137	11456	1	1
138	11467	3	3
139	11488	4	3
140	11517	10	9
141	11583	15	11
142	11683	14	11
143	11777	2	2
144	11794	1	1
145	11805	1	1
146	11816	12	8
147	11897	26	17
148	12063	17	7
149	12171	1	1
150	12182	5	4
151	12218	1	1
152	12229	2	2
153	12247	39	26
154	12504	4	4
155	12535	3	3
156	12558	6	4
157	12599	4	4
158	12630	4	4
159	12662	1	1
160	12673	6	3
161	12714	1	1
162	12725	7	7
163	12776	2	2
164	12794	2	2
165	12812	2	2
166	12830	5	5
167	12866	7	5
168	12918	3	2
169	12941	20	15
170	13076	3	3
171	13098	1	1
172	13109	1	1
173	13120	11	10
174	13197	11	9
175	13269	6	3
176	13310	11	9
177	13387	2	2
178	13404	4	4
179	13435	5	5
180	13472	4	3
181	13501	6	4
182	13546	5	3
183	13582	1	1
184	13593	4	4
185	13623	15	10
186	13726	3	2
187	13749	3	3
188	13772	35	16
189	14007	15	12
190	14111	3	1
191	14134	4	3
192	14164	3	1
193	14187	19	13
194	14312	2	2
195	14330	4	2
196	14360	1	1
197	14371	1	1
198	14382	2	1
199	14399	1	1
200	14410	1	1
201	14421	2	2
202	14438	6	5
203	14482	1	1
204	14493	1	1
205	14504	3	3
206	14529	6	5
207	14572	2	2
208	14590	3	2
209	14611	2	2
210	14629	2	2
211	14647	1	1
212	14658	4	3
213	14687	2	1
214	14704	12	9
215	14785	3	3
216	14810	1	1
217	14821	2	2
218	14839	13	9
219	14927	1	1
220	14938	4	3
221	14967	5	3
222	15003	10	6
223	15069	1	1
224	15080	3	3
225	15103	50	22
226	15438	1	1
227	15449	2	2
228	15467	2	2
229	15484	1	1
230	15495	30	21
231	15695	11	7
232	15769	5	5
233	15805	1	1
234	15816	2	2
235	15833	2	2
236	15851	6	5
237	15890	1	1
238	15901	27	19
239	16072	11	6
240	16145	3	3
241	16170	28	21
242	16357	12	12
243	16438	8	6
244	16492	1	1
245	16503	3	3
246	16526	2	2
247	16544	3	3
248	16567	1	1
249	16578	12	9
250	16660	6	5
251	16702	3	3
252	16726	2	2
253	16744	6	6
254	16786	3	2
255	16811	5	5
256	16847	4	4
257	16878	2	2
258	16896	6	4
259	16939	10	8
260	17009	16	12
261	17115	5	4
262	17152	10	5
263	17220	1	1
264	17231	3	2
265	17253	4	3
266	17283	14	11
267	17378	10	8
268	17450	4	4
269	17478	10	9
270	17544	30	23
271	17746	3	3
272	17770	2	2
273	17787	1	1
274	17798	1	1
275	17809	1	1
276	17820	1	1
277	17831	3	2
278	17855	8	5
279	17911	2	2
280	17929	10	7
281	18000	11	9
282	18078	4	3
283	18108	1	1
284	18119	14	10
285	18212	5	3
286	18250	3	2
287	18275	3	2
288	18298	1	1
289	18309	1	1
290	18320	3	2
291	18344	1	1
292	18355	1	1
293	18366	1	1
294	18377	3	2
295	18400	1	1
296	18411	27	17
297	18582	6	5
298	18625	1	1
299	18636	3	2
300	18659	1	1
301	18670	1	1
302	18681	5	3
303	18716	55	34
304	19076	12	11
305	19155	1	1
306	19166	1	1
307	19177	2	2
308	19195	17	9
309	19306	2	2
310	19322	1	1
311	19333	4	4
312	19365	1	1
313	19376	1	1
314	19387	1	1
315	19398	1	1
316	19409	1	1
317	19420	14	12
318	19507	1	1
319	19518	1	1
320	19529	1	1
321	19540	5	3
322	19578	2	2
323	19596	3	2
324	19620	1	1
325	19631	7	2
326	19673	5	5
327	19711	1	1
328	19722	1	1
329	19733	1	1
330	19744	7	5
331	19795	1	1
332	19806	1	1
333	19817	7	3
334	19869	6	5
335	19912	1	1
336	19923	1	1
337	19934	1	1
338	19945	1	1
339	19956	1	1
340	19967	3	3
341	19992	13	5
342	20072	2	2
343	20089	9	5
344	20154	3	3
345	20179	1	1
346	20190	4	2
347	20220	2	2
348	20238	16	12
349	20345	3	3
350	20369	4	4
351	20398	2	1
352	20415	1	1
353	20426	6	6
354	20470	16	12
355	20581	10	7
356	20653	1	1
357	20664	1	1
358	20675	1	1
359	20686	1	1
360	20697	1	1
361	20708	1	1
362	20719	3	3
363	20744	1	1
364	20755	1	1
365	20766	14	4
366	20863	1	1
367	20874	11	10
368	20950	6	4
369	20993	6	4
370	21038	20	10
371	21176	1	1
372	21187	4	1
373	21216	1	1
374	21227	2	2
375	21245	1	1
376	21256	1	1
377	21267	2	2
378	21284	3	3
379	21308	1	1
380	21319	17	15
381	21431	10	9
382	21499	1	1
383	21510	18	16
384	21633	6	6
385	21674	16	8
386	21780	2	2
387	21797	2	2
388	21815	4	4
389	21846	4	4
390	21878	3	3
391	21901	7	7
392	21950	3	3
393	21973	8	4
394	22029	3	3
395	22054	2	2
396	22071	3	3
397	22095	1	1
398	22106	1	1
399	22117	13	10
400	22204	5	5
401	22239	14	9
402	22331	2	2
403	22349	1	1
404	22360	1	1
405	22371	1	1
406	22382	3	2
407	22405	2	2
408	22423	1	1
409	22434	3	2
410	22458	3	3
411	22482	2	2
412	22500	1	1
413	22511	2	2
414	22529	1	1
415	22540	1	1
416	22551	1	1
417	22562	1	1
418	22573	1	1
419	22584	8	7
420	22640	1	1
421	22651	21	17
422	22791	1	1
423	22802	16	10
424	22915	5	5
425	22953	1	1
426	22964	8	7
427	23021	6	5
428	23062	1	1
429	23071	5	2
430	23103	1	1
431	23112	8	3
432	23166	11	9
433	23241	6	3
434	23282	1	1
435	23292	2	2
436	23309	3	3
437	23332	4	2
438	23362	1	1
439	23372	7	7
440	23423	4	1
441	23451	5	1
442	23485	6	2
443	23526	1	1
444	23536	1	1
445	23546	12	1
446	23619	1	1
447	23629	1	1
448	23639	6	4
449	23681	19	5
450	23805	2	1
451	23821	4	3
452	23851	2	1
453	23866	1	1
454	23876	2	1
455	23892	2	1
456	23908	9	1
457	23963	1	1
458	23973	10	2
459	24038	3	3
460	24061	8	8
461	24116	4	4
462	24147	1	1
463	24157	3	2
464	24180	1	1
465	24190	3	3
466	24213	3	3
467	24236	1	1
468	24246	6	3
469	24288	2	2
470	24305	2	1
471	24321	3	3
472	24344	3	2
473	24367	7	6
474	24414	2	2
475	24430	7	6
476	24480	1	1
477	24490	1	1
478	24500	1	1
479	24510	1	1
480	24520	5	3
481	24555	1	1
482	24565	13	5
483	24648	6	2
484	24690	1	1
485	24700	5	1
486	24733	1	1
487	24743	6	4
488	24785	1	1
489	24795	1	1
490	24805	1	1
491	24815	1	1
492	24826	1	1
493	24837	3	1
494	24860	1	1
495	24871	11	5
496	24945	1	1
497	24956	4	3
498	24986	1	1
499	24997	1	1
500	25008	8	5
501	25066	1	1
502	25077	1	1
503	25088	1	1
504	25099	4	2
505	25131	1	1
506	25142	3	1
507	25165	1	1
508	25176	5	4
509	25211	2	1
510	25228	1	1
511	25239	2	2
512	25256	4	2
513	25286	44	29
514	25582	2	2
515	25600	4	4
516	25631	1	1
517	25642	1	1
518	25653	2	2
519	25671	4	4
520	25702	13	10
521	25792	20	15
522	25928	8	6
523	25982	4	2
524	26012	1	1
525	26023	2	2
526	26041	4	1
527	26070	2	2
528	26087	2	2
529	26105	8	6
530	26163	1	1
531	26174	1	1
532	26185	5	4
533	26221	1	1
534	26232	3	3
535	26256	2	1
536	26273	2	2
537	26291	1	1
538	26302	2	1
539	26319	1	1
540	26330	1	1
541	26341	1	1
542	26352	1	1
543	26363	1	1
544	26374	5	3
545	26411	1	1
546	26422	3	3
547	26446	1	1
548	26457	5	5
549	26494	2	2
550	26511	1	1
551	26522	1	1
552	26533	1	1
553	26544	1	1
554	26555	1	1
555	26566	5	2
556	26603	4	4
557	26634	5	4
558	26671	8	6
559	26730	3	3
560	26754	5	5
561	26791	1	1
562	26802	2	2
563	26819	1	1
564	26830	1	1
565	26841	6	6
566	26885	7	4
567	26933	1	1
568	26944	3	2
569	26967	1	1
570	26978	2	2
571	26995	2	2
572	27013	1	1
573	27024	2	1
574	27041	1	1
575	27052	1	1
576	27063	2	1
577	27080	1	1
578	27091	1	1
579	27102	1	1
580	27113	1	1
581	27124	2	2
582	27142	1	1
583	27153	4	2
584	27184	6	4
585	27229	2	2
586	27246	1	1
587	27257	4	3
588	27288	3	3
589	27312	2	2
590	27330	2	1
591	27347	3	3
592	27371	7	5
593	27421	1	1
594	27432	1	1
595	27443	3	3
596	27465	1	1
597	27476	4	3
598	27507	4	4
599	27537	2	2
600	27554	2	2
601	27572	3	3
602	27596	3	3
603	27620	1	1
604	27631	1	1
605	27642	4	2
606	27673	4	3
607	27703	2	2
608	27720	2	2
609	27738	34	20
610	27959	2	2
611	27977	1	1
612	27988	1	1
613	27999	14	11
614	28094	3	1
615	28117	10	10
616	28188	1	1
617	28199	1	1
618	28210	3	2
619	28234	1	1
620	28245	2	2
621	28263	6	4
622	28304	1	1
623	28315	2	2
624	28333	8	7
625	28393	1	1
626	28404	4	4
627	28435	2	2
628	28453	2	2
629	28470	2	1
630	28487	1	1
631	28498	4	3
632	28530	2	1
633	28547	4	4
634	28578	1	1
635	28589	3	3
636	28613	1	1
637	28624	1	1
638	28635	7	6
639	28682	1	1
640	28693	5	3
641	28729	1	1
642	28740	1	1
643	28751	9	9
644	28815	22	14
645	28965	1	1
646	28976	1	1
647	28987	18	17
648	29108	2	2
649	29125	1	1
650	29136	3	3
651	29161	1	1
652	29172	2	2
653	29190	2	2
654	29208	1	1
655	29219	3	3
656	29243	9	4
657	29305	2	2
658	29322	1	1
659	29333	41	17
660	29610	1	1
661	29621	1	1
662	29632	59	30
663	30006	2	2
664	30023	9	9
665	30088	2	2
666	30106	1	1
667	30117	1	1
668	30128	2	2
669	30145	3	3
670	30169	2	2
671	30186	1	1
672	30197	2	2
673	30215	1	1
674	30226	1	1
675	30237	10	10
676	30308	11	10
677	30380	1	1
678	30391	1	1
679	30402	1	1
680	30413	18	13
681	30532	9	7
682	30596	1	1
683	30607	8	8
684	30661	2	2
685	30679	2	2
686	30695	22	16
687	30845	18	14
688	30962	3	1
689	30985	7	6
690	31037	1	1
691	31048	1	1
692	31059	1	1
693	31070	1	1
694	31081	16	9
695	31192	3	3
696	31217	1	1
697	31228	19	16
698	31355	2	2
699	31372	1	1
700	31383	4	4
701	31415	8	7
702	31470	3	2
703	31495	1	1
704	31506	28	17
705	31692	2	2
706	31710	4	4
707	31742	2	2
708	31760	8	5
709	31819	1	1
710	31830	1	1
711	31841	23	9
712	31983	43	15
713	32249	50	25
714	32570	10	9
715	32638	7	3
716	32680	1	1
717	32689	17	10
718	32798	1	1
719	32808	53	27
720	33158	47	33
721	33455	17	10
722	33565	10	9
723	33634	2	1
724	33650	10	5
725	33720	3	3
726	33742	2	2
727	33759	1	1
728	33769	15	9
729	33870	7	7
730	33920	2	2
731	33937	2	1
732	33952	5	5
733	33989	14	13
734	34083	1	1
735	34093	4	4
736	34124	2	2
737	34141	1	1
738	34151	2	2
739	34167	6	3
740	34207	1	1
741	34217	1	1
742	34227	1	1
743	34237	1	1
744	34247	1	1
745	34257	1	1
746	34267	25	17
747	34435	20	9
748	34567	3	3
749	34591	4	4
750	34621	1	1
751	34631	1	1
752	34641	5	4
753	34677	1	1
754	34687	2	2
755	34704	1	1
756	34714	4	4
757	34744	5	4
758	34780	6	6
759	34823	16	13
760	34926	15	15
761	35024	14	7
762	35114	2	2
763	35131	3	3
764	35154	4	3
765	35184	17	10
766	35298	18	12
767	35415	19	18
768	35538	3	3
769	35561	2	2
770	35578	6	5
771	35619	1	1
772	35629	2	2
773	35646	1	1
774	35656	1	1
775	35666	1	1
776	35676	1	1
777	35686	7	7
778	35735	4	4
779	35765	18	14
780	35885	1	1
781	35895	2	1
782	35912	1	1
783	35923	1	1
784	35934	1	1
785	35945	1	1
786	35956	2	2
787	35974	4	2
788	36004	8	8
789	36061	2	2
790	36078	2	1
791	36095	7	6
792	36146	5	5
793	36182	8	6
794	36233	4	4
795	36264	2	2
796	36282	1	1
797	36293	1	1
798	36304	1	1
799	36315	1	1
800	36326	9	7
801	36391	15	11
802	36494	18	13
803	36611	12	9
804	36688	21	10
805	36831	8	7
806	36886	1	1
807	36895	1	1
808	36904	11	10
809	36974	5	4
810	37009	34	22
811	37232	12	6
812	37314	1	1
813	37324	8	1
814	37376	7	4
815	37425	2	2
816	37442	2	2
817	37459	1	1
818	37469	7	4
819	37520	2	2
820	37536	1	1
821	37546	6	5
822	37587	6	4
823	37629	1	1
824	37639	2	1
825	37655	1	1
826	37665	9	9
827	37728	4	4
828	37757	1	1
829	37767	16	8
830	37876	1	1
831	37886	2	2
832	37902	1	1
833	37912	3	2
834	37936	3	3
835	37959	6	5
836	38004	15	9
837	38109	4	3
838	38137	1	1
839	38147	3	2
840	38170	15	10
841	38271	4	4
842	38300	12	10
843	38382	1	1
844	38392	4	4
845	38421	14	11
846	38513	5	3
847	38548	1	1
848	38558	63	25
849	38953	2	2
850	38970	4	4
851	39001	3	3
852	39024	4	1
853	39052	2	1
854	39068	8	8
855	39123	23	11
856	39280	2	1
857	39296	4	3
858	39326	3	1
859	39348	2	1
860	39364	1	1
861	39374	1	1
862	39384	9	4
863	39443	2	1
864	39458	3	3
865	39482	2	2
866	39499	5	4
867	39535	4	4
868	39566	1	1
869	39576	23	10
870	39721	4	2
871	39749	3	3
872	39771	1	1
873	39781	7	3
874	39829	4	3
875	39860	1	1
876	39871	2	2
877	39888	1	1
878	39899	1	1
879	39910	1	1
880	39921	1	1
881	39932	4	3
882	39963	24	16
883	40124	1	1
884	40135	5	4
885	40172	9	7
886	40236	1	1
887	40247	8	2
888	40304	5	3
889	40340	4	4
890	40369	7	7
891	40420	1	1
892	40431	1	1
893	40442	1	1
894	40453	1	1
895	40464	1	1
896	40475	8	1
897	40528	3	3
898	40553	1	1
899	40564	1	1
900	40575	2	2
901	40593	1	1
902	40604	15	9
903	40703	5	4
904	40739	2	2
905	40757	1	1
906	40768	1	1
907	40779	1	1
908	40790	1	1
909	40801	14	8
910	40897	1	1
911	40908	21	14
912	41043	8	6
913	41097	1	1
914	41108	1	1
915	41119	1	1
916	41130	1	1
917	41141	1	1
918	41152	8	6
919	41210	1	1
920	41221	12	9
921	41301	1	1
922	41312	1	1
923	41323	7	7
924	41374	1	1
925	41385	3	3
926	41410	1	1
927	41421	1	1
928	41432	1	1
929	41443	1	1
930	41454	5	4
931	41490	1	1
932	41501	1	1
933	41512	7	5
934	41562	21	14
935	41700	7	7
936	41749	24	19
937	41913	1	1
938	41924	5	5
939	41961	2	1
940	41978	31	16
941	42185	3	3
942	42209	2	2
943	42227	4	3
944	42257	2	2
945	42274	2	2
946	42292	2	2
947	42309	1	1
948	42320	1	1
949	42331	1	1
950	42342	1	1
951	42353	1	1
952	42364	4	3
953	42396	1	1
954	42407	1	1
955	42418	2	1
956	42435	22	19
957	42584	1	1
958	42595	1	1
959	42606	7	7
960	42656	4	4
961	42687	1	1
962	42698	1	1
963	42709	1	1
964	42720	3	3
965	42745	10	8
966	42814	1	1
967	42825	1	1
968	42836	11	4
969	42913	20	10
970	43056	1	1
971	43067	1	1
972	43078	9	7
973	43142	2	2
974	43159	2	2
975	43177	3	2
976	43202	1	1
977	43213	11	10
978	43285	11	6
979	43363	2	2
980	43381	1	1
981	43392	1	1
982	43403	1	1
983	43414	2	2
984	43432	7	5
985	43485	9	7
986	43547	1	1
987	43558	6	2
988	43602	1	1
989	43613	29	16
990	43797	1	1
991	43808	2	2
992	43826	1	1
993	43837	4	3
994	43868	1	1
995	43879	1	1
996	43890	3	3
997	43915	3	3
998	43940	1	1
999	43951	1	1
1000	43962	3	2
1001	43986	3	3
1002	44012	5	5
1003	44051	1	1
1004	44063	2	2
1005	44082	1	1
1006	44094	1	1
1007	44106	2	2
1008	44125	37	27
1009	44370	1	1
1010	44382	6	5
1011	44427	16	12
1012	44541	3	3
1013	44564	7	6
1014	44612	1	1
1015	44622	5	5
1016	44659	3	2
1017	44680	1	1
1018	44690	1	1
1019	44701	2	1
1020	44717	8	8
1021	44771	24	13
1022	44929	2	1
1023	44945	11	4
1024	45024	14	6
1025	45119	2	2
1026	45136	7	6
1027	45183	5	5
1028	45222	1	1
1029	45233	2	2
1030	45251	2	2
1031	45269	2	2
1032	45287	4	4
1033	45318	1	1
1034	45329	1	1
1035	45340	1	1
1036	45351	11	6
1037	45420	2	2
1038	45435	10	8
1039	45501	6	5
1040	45542	3	3
1041	45563	1	1
1042	45573	7	4
1043	45618	1	1
1044	45629	2	2
1045	45647	3	3
1046	45671	1	1
1047	45682	2	1
1048	45699	2	1
1049	45716	2	2
1050	45734	1	1
1051	45745	1	1
1052	45756	4	3
1053	45783	1	1
1054	45794	1	1
1055	45805	1	1
1056	45816	2	2
1057	45833	1	1
1058	45844	1	1
1059	45855	1	1
1060	45866	2	2
1061	45883	4	3
1062	45913	8	8
1063	45968	8	7
1064	46025	3	3
1065	46049	5	5
1066	46088	10	6
1067	46159	7	4
1068	46211	8	8
1069	46267	1	1
1070	46278	1	1
1071	46289	6	5
1072	46332	4	3
1073	46361	1	1
1074	46372	2	2
1075	46390	6	5
1076	46433	4	1
1077	46462	1	1
1078	46473	1	1
1079	46484	5	4
1080	46520	6	6
1081	46564	3	3
1082	46587	2	2
1083	46605	5	5
1084	46643	1	1
1085	46654	1	1
1086	46665	1	1
1087	46676	2	1
1088	46693	1	1
1089	46704	1	1
1090	46715	8	7
1091	46773	1	1
1092	46784	1	1
1093	46795	1	1
1094	46806	2	1
1095	46823	1	1
1096	46834	1	1
1097	46845	6	5
1098	46891	13	7
1099	46983	2	2
1100	47000	1	1
1101	47012	2	1
1102	47030	1	1
1103	47042	1	1
1104	47054	1	1
1105	47066	7	2
1106	47115	2	2
1107	47134	1	1
1108	47146	1	1
1109	47158	2	2
1110	47177	1	1
1111	47189	1	1
1112	47201	18	7
1113	47318	8	5
1114	47373	6	6
1115	47420	1	1
1116	47432	1	1
1117	47444	1	1
1118	47456	8	6
1119	47509	1	1
1120	47521	7	5
1121	47572	2	2
1122	47591	1	1
1123	47603	7	6
1124	47652	3	3
1125	47678	1	1
1126	47690	1	1
1127	47702	1	1
1128	47714	8	3
1129	47773	2	2
1130	47791	5	3
1131	47831	1	1
1132	47843	1	1
1133	47855	10	9
1134	47923	2	1
1135	47941	3	3
1136	47965	2	2
1137	47983	12	5
1138	48065	1	1
1139	48077	1	1
1140	48089	5	5
1141	48126	1	1
1142	48138	1	1
1143	48150	2	2
1144	48169	6	2
1145	48213	7	6
1146	48266	1	1
1147	48278	4	3
1148	48310	1	1
1149	48322	3	1
1150	48346	3	1
1151	48370	2	1
1152	48388	1	1
1153	48400	16	14
1154	48508	1	1
1155	48520	1	1
1156	48532	1	1
1157	48544	22	16
1158	48694	1	1
1159	48706	1	1
1160	48718	1	1
1161	48730	1	1
1162	48742	2	2
1163	48760	10	6
1164	48832	1	1
1165	48844	2	2
1166	48863	1	1
1167	48875	2	2
1168	48894	5	3
1169	48932	5	3
1170	48971	1	1
1171	48983	7	4
1172	49035	2	1
1173	49053	3	3
1174	49078	1	1
1175	49090	1	1
1176	49102	1	1
1177	49114	1	1
1178	49126	8	2
1179	49187	1	1
1180	49199	5	4
1181	49237	1	1
1182	49249	1	1
1183	49261	15	9
1184	49363	1	1
1185	49375	1	1
1186	49387	1	1
1187	49399	4	3
1188	49432	10	4
1189	49501	3	2
1190	49525	1	1
1191	49537	5	5
1192	49575	1	1
1193	49587	9	8
1194	49654	13	9
1195	49744	1	1
1196	49756	2	2
1197	49775	2	2
1198	49792	4	4
1199	49824	1	1
1200	49836	1	1
1201	49848	1	1
1202	49860	1	1
1203	49872	1	1
1204	49884	2	2
1205	49903	1	1
1206	49915	1	1
1207	49927	1	1
1208	49939	1	1
1209	49951	1	1
1210	49963	16	7
1211	50068	1	1
1212	50080	1	1
1213	50092	1	1
1214	50104	1	1
1215	50116	2	2
1216	50134	1	1
1217	50146	5	4
1218	50184	6	2
1219	50229	5	5
1220	50268	2	2
1221	50286	2	2
1222	50305	4	4
1223	50338	1	1
1224	50350	2	2
1225	50368	1	1
1226	50380	3	2
1227	50405	1	1
1228	50417	3	2
1229	50443	3	3
1230	50469	1	1
1231	50481	5	3
1232	50518	1	1
1233	50530	5	5
1234	50569	1	1
1235	50581	2	2
1236	50600	4	4
1237	50633	1	1
1238	50645	1	1
1239	50657	4	4
1240	50690	1	1
1241	50702	4	2
1242	50732	2	2
1243	50751	1	1
1244	50763	2	2
1245	50782	1	1
1246	50794	2	2
1247	50813	4	4
1248	50844	2	2
1249	50863	3	2
1250	50888	4	3
1251	50919	10	7
1252	50990	6	5
1253	51032	3	3
1254	51058	1	1
1255	51070	1	1
1256	51082	1	1
1257	51094	1	1
1258	51106	5	5
1259	51143	2	2
1260	51162	22	14
1261	51304	1	1
1262	51316	1	1
1263	51328	5	5
1264	51364	14	11
1265	51457	19	10
1266	51590	1	1
1267	51602	3	3
1268	51627	11	8
1269	51703	3	3
1270	51729	2	2
1271	51747	1	1
1272	51759	5	4
1273	51799	1	1
1274	51811	11	7
1275	51889	19	15
1276	52020	1	1
1277	52032	7	5
1278	52081	2	2
1279	52100	8	5
1280	52154	10	8
1281	52224	1	1
1282	52236	3	3
1283	52262	1	1
1284	52274	6	6
1285	52320	4	4
1286	52352	1	1
1287	52364	1	1
1288	52376	1	1
1289	52388	8	7
1290	52444	1	1
1291	52456	6	6
1292	52500	2	1
1293	52518	1	1
1294	52530	2	2
1295	52548	1	1
1296	52560	1	1
1297	52572	2	1
1298	52590	5	5
1299	52628	1	1
1300	52640	9	4
1301	52705	3	3
1302	52731	1	1
1303	52743	5	3
1304	52780	6	4
1305	52827	1	1
1306	52839	1	1
1307	52851	9	4
1308	52919	1	1
1309	52931	1	1
1310	52943	7	6
1311	52992	14	10
1312	53084	2	2
1313	53101	9	3
1314	53163	7	2
1315	53210	6	6
1316	53255	10	7
1317	53325	5	4
1318	53362	5	4
1319	53398	5	3
1320	53433	103	55
1321	54074	9	8
1322	54139	29	16
1323	54330	3	2
1324	54353	5	4
1325	54389	2	2
1326	54407	2	2
1327	54425	3	2
1328	54449	1	1
1329	54460	25	18
1330	54624	4	3
1331	54656	47	20
1332	54966	3	3
1333	54988	7	6
1334	55040	2	2
1335	55058	2	2
1336	55076	4	4
1337	55108	6	6
1338	55153	4	3
1339	55185	4	4
1340	55217	2	2
1341	55234	5	4
1342	55271	2	2
1343	55289	2	2
1344	55307	14	7
1345	55400	4	3
1346	55431	1	1
1347	55442	1	1
1348	55453	2	2
1349	55471	1	1
1350	55482	2	2
1351	55500	5	4
1352	55536	3	3
1353	55560	2	2
1354	55578	2	2
1355	55596	3	2
1356	55620	2	2
1357	55638	2	2
1358	55657	6	5
1359	55702	4	2
1360	55732	1	1
1361	55744	9	7
1362	55808	2	2
1363	55826	2	1
1364	55844	4	3
1365	55875	27	13
1366	56059	2	2
1367	56077	2	2
1368	56096	2	2
1369	56114	34	22
1370	56331	1	1
1371	56343	4	4
1372	56375	3	3
1373	56399	3	3
1374	56423	1	1
1375	56435	1	1
1376	56447	10	8
1377	56518	1	1
1378	56530	1	1
1379	56542	1	1
1380	56554	5	5
1381	56590	19	16
1382	56718	1	1
1383	56730	4	4
1384	56761	1	1
1385	56773	9	7
1386	56835	1	1
1387	56847	1	1
1388	56859	13	6
1389	56949	1	1
1390	56961	2	1
1391	56979	3	2
1392	57004	3	3
1393	57028	6	3
1394	57072	2	2
1395	57091	1	1
1396	57103	5	4
1397	57139	9	4
1398	57201	5	5
1399	57239	2	2
1400	57258	6	6
1401	57303	4	2
1402	57330	8	3
1403	57383	18	4
1404	57504	4	3
1405	57535	3	3
1406	57558	4	2
1407	57588	5	3
1408	57624	6	4
1409	57666	1	1
1410	57677	4	3
1411	57707	11	5
1412	57783	2	2
1413	57801	2	2
1414	57819	2	2
1415	57837	2	2
1416	57855	7	6
1417	57906	2	2
1418	57924	12	2
1419	58006	9	2
1420	58067	5	4
1421	58103	1	1
1422	58114	5	3
1423	58151	16	14
1424	58259	3	3
1425	58282	4	3
1426	58312	4	3
1427	58342	5	2
1428	58378	6	4
1429	58419	2	2
1430	58436	4	2
1431	58464	6	4
1432	58508	3	3
1433	58532	4	3
1434	58561	3	2
1435	58584	1	1
1436	58595	3	3
1437	58619	4	3
1438	58650	17	13
1439	58761	1	1
1440	58772	3	2
1441	58795	20	11
1442	58931	1	1
1443	58942	5	4
1444	58978	7	7
1445	59028	1	1
1446	59039	1	1
1447	59050	2	1
1448	59067	2	1
1449	59084	7	4
1450	59132	10	8
1451	59203	3	3
1452	59229	5	3
1453	59267	4	2
1454	59298	2	2
1455	59317	2	2
1456	59336	2	2
1457	59355	2	1
1458	59373	1	1
1459	59385	2	2
1460	59404	5	4
1461	59443	6	4
1462	59488	2	2
1463	59507	6	6
1464	59553	18	12
1465	59679	9	8
1466	59742	16	12
1467	59852	14	11
1468	59950	4	4
1469	59983	8	6
1470	60041	9	8
1471	60104	2	2
1472	60122	1	1
1473	60134	3	2
1474	60159	2	2
1475	60178	1	1
1476	60190	6	3
1477	60235	4	3
1478	60268	1	1
1479	60280	3	3
1480	60306	1	1
1481	60318	1	1
1482	60330	1	1
1483	60342	1	1
1484	60354	3	2
1485	60380	3	3
1486	60406	7	7
1487	60455	1	1
1488	60467	3	3
1489	60491	14	11
1490	60588	8	7
1491	60647	5	5
1492	60684	7	7
1493	60736	1	1
1494	60748	1	1
1495	60760	7	6
1496	60814	5	3
1497	60853	4	4
1498	60886	1	1
1499	60898	3	3
1500	60923	36	13
1501	61159	2	2
1502	61177	2	2
1503	61196	1	1
1504	61208	3	2
1505	61234	13	11
1506	61325	10	9
1507	61396	15	14
1508	61501	1	1
1509	61513	6	6
1510	61559	2	2
1511	61578	3	2
1512	61603	5	2
1513	61641	1	1
1514	61653	3	2
1515	61678	1	1
1516	61690	1	1
1517	61702	1	1
1518	61714	1	1
1519	61726	4	4
1520	61759	3	3
1521	61785	2	2
1522	61803	1	1
1523	61815	2	2
1524	61834	9	6
1525	61898	16	10
1526	62008	1	1
1527	62020	1	1
1528	62032	1	1
1529	62044	1	1
1530	62056	1	1
1531	62068	3	3
1532	62093	16	12
1533	62201	1	1
1534	62213	4	2
1535	62246	3	3
1536	62271	2	2
1537	62290	4	2
1538	62318	15	2
1539	62418	7	5
1540	62467	2	2
1541	62483	6	2
1542	62525	2	2
1543	62541	3	2
1544	62564	6	3
1545	62606	6	3
1546	62648	2	2
1547	62666	3	3
1548	62691	4	2
1549	62722	5	2
1550	62758	6	2
1551	62799	18	5
1552	62916	9	8
1553	62981	12	10
1554	63065	2	2
1555	63083	2	2
1556	63100	3	2
1557	63122	4	4
1558	63152	1	1
1559	63163	4	4
1560	63193	2	2
1561	63210	2	2
1562	63227	3	3
1563	63250	2	2
1564	63267	4	3
1565	63297	10	7
1566	63361	2	1
1567	63377	4	3
1568	63408	16	9
1569	63517	2	2
1570	63534	2	2
1571	63551	11	8
1572	63628	3	1
1573	63651	1	1
1574	63662	1	1
1575	63673	1	1
1576	63684	1	1
1577	63695	2	2
1578	63713	2	2
1579	63731	3	2
1580	63755	3	3
1581	63780	12	4
1582	63863	4	2
1583	63893	8	4
1584	63951	5	2
1585	63988	4	3
1586	64020	3	1
1587	64044	1	1
1588	64056	1	1
1589	64068	3	1
1590	64092	1	1
1591	64104	2	2
1592	64122	10	8
1593	64194	4	3
1594	64225	2	2
1595	64243	6	2
1596	64285	7	4
1597	64335	3	3
1598	64359	2	2
1599	64378	7	6
1600	64428	1	1
1601	64440	1	1
1602	64452	3	1
1603	64476	1	1
1604	64488	1	1
1605	64500	1	1
1606	64512	1	1
1607	64524	3	2
1608	64550	2	2
1609	64569	4	4
1610	64601	6	6
1611	64645	7	7
1612	64697	4	2
1613	64728	10	3
1614	64799	9	5
1615	64863	10	6
1616	64934	4	3
1617	64965	2	2
1618	64983	3	3
1619	65008	3	3
1620	65033	1	1
1621	65045	4	2
1622	65076	10	4
1623	65147	1	1
1624	65159	2	1
1625	65177	11	8
1626	65252	1	1
1627	65264	2	2
1628	65282	4	4
1629	65314	3	3
1630	65340	3	1
1631	65364	1	1
1632	65376	2	1
1633	65394	1	1
1634	65406	1	1
1635	65418	1	1
1636	65430	2	2
1637	65449	1	1
1638	65461	17	6
1639	65582	6	5
1640	65625	1	1
1641	65637	2	2
1642	65656	1	1
1643	65668	8	7
1644	65725	2	2
1645	65744	1	1
1646	65756	1	1
1647	65768	1	1
1648	65780	8	7
1649	65839	2	2
1650	65858	3	3
1651	65881	1	1
1652	65893	2	2
1653	65912	6	6
1654	65957	8	8
1655	66014	2	2
1656	66033	5	5
1657	66072	4	3
1658	66105	2	2
1659	66124	4	4
1660	66156	2	2
1661	66175	1	1
1662	66187	1	1
1663	66199	2	2
1664	66217	5	5
1665	66256	2	2
1666	66275	1	1
1667	66287	3	3
1668	66313	2	2
1669	66331	3	3
1670	66357	1	1
1671	66369	12	7
1672	66451	1	1
1673	66463	1	1
1674	66475	1	1
1675	66487	2	2
1676	66506	2	2
1677	66523	1	1
1678	66535	3	2
1679	66561	1	1
1680	66573	9	4
1681	66633	9	8
1682	66696	1	1
1683	66708	1	1
1684	66720	15	9
1685	66815	17	11
1686	66924	3	3
1687	66946	6	3
1688	66988	4	4
1689	67019	4	4
1690	67049	6	6
1691	67094	1	1
1692	67105	2	2
1693	67124	2	1
1694	67142	2	1
1695	67160	2	1
1696	67178	3	3
1697	67204	9	5
1698	67267	3	2
1699	67291	9	7
1700	67354	14	13
1701	67451	2	2
1702	67469	1	1
1703	67481	1	1
1704	67493	4	3
1705	67526	1	1
1706	67538	3	2
1707	67562	1	1
1708	67574	1	1
1709	67586	9	5
1710	67649	2	2
1711	67666	2	2
1712	67684	1	1
1713	67696	6	2
1714	67740	5	2
1715	67778	19	5
1716	67910	8	4
1717	67966	10	6
1718	68039	2	2
1719	68058	14	8
1720	68156	1	1
1721	68168	1	1
1722	68180	2	2
1723	68199	1	1
1724	68211	7	6
1725	68263	5	4
1726	68302	3	3
1727	68327	3	3
1728	68352	3	3
1729	68377	1	1
1730	68389	5	3
1731	68427	7	5
1732	68476	1	1
1733	68488	3	3
1734	68513	17	5
1735	68628	3	3
1736	68655	13	10
1737	68745	6	5
1738	68791	2	2
1739	68811	1	1
1740	68824	1	1
1741	68837	1	1
1742	68850	1	1
1743	68863	3	2
1744	68889	16	14
1745	69000	3	3
1746	69026	1	1
1747	69039	1	1
1748	69052	6	5
1749	69096	1	1
1750	69109	3	3
1751	69136	13	6
1752	69226	1	1
1753	69239	2	2
1754	69259	1	1
1755	69272	1	1
1756	69285	2	2
1757	69304	3	3
1758	69330	1	1
1759	69343	7	1
1760	69395	2	2
1761	69413	4	1
1762	69444	3	2
1763	69468	5	1
1764	69505	6	3
1765	69549	5	4
1766	69588	4	3
1767	69619	4	1
1768	69652	1	1
1769	69664	11	9
1770	69744	7	3
1771	69793	3	2
1772	69817	3	3
1773	69841	4	3
1774	69874	1	1
1775	69886	1	1
1776	69898	10	8
1777	69971	4	2
1778	70003	6	5
1779	70047	4	1
1780	70080	2	2
1781	70099	1	1
1782	70111	3	3
1783	70136	11	10
1784	70216	1	1
1785	70228	5	4
1786	70267	5	5
1787	70306	2	2
1788	70323	1	1
1789	70335	2	2
1790	70352	1	1
1791	70364	1	1
1792	70376	1	1
1793	70388	2	1
1794	70407	2	2
1795	70426	3	2
1796	70452	1	1
1797	70464	5	5
1798	70503	2	1
1799	70522	16	15
1800	70634	1	1
1801	70646	3	3
1802	70670	1	1
1803	70683	1	1
1804	70696	2	2
1805	70716	3	2
1806	70740	1	1
1807	70753	1	1
1808	70766	1	1
1809	70779	2	2
1810	70798	3	2
1811	70824	2	1
1812	70844	9	6
1813	70907	1	1
1814	70920	2	2
1815	70939	13	5
1816	71030	1	1
1817	71043	3	2
1818	71068	1	1
1819	71081	1	1
1820	71094	2	2
1821	71114	2	2
1822	71132	1	1
1823	71145	1	1
1824	71158	1	1
1825	71171	1	1
1826	71184	16	15
1827	71294	1	1
1828	71307	3	3
1829	71332	1	1
1830	71345	7	4
1831	71397	5	5
1832	71437	2	1
1833	71457	3	3
1834	71484	2	2
1835	71504	4	4
1836	71537	1	1
1837	71550	1	1
1838	71563	3	3
1839	71589	5	4
1840	71629	2	2
1841	71648	3	3
1842	71673	1	1
1843	71686	1	1
1844	71699	1	1
1845	71712	1	1
1846	71725	1	1
1847	71738	2	2
1848	71757	3	3
1849	71784	2	2
1850	71803	2	2
1851	71822	1	1
1852	71835	9	5
1853	71902	1	1
1854	71915	7	5
1855	71968	1	1
1856	71981	2	2
1857	72001	1	1
1858	72014	7	7
1859	72067	1	1
1860	72078	3	2
1861	72102	21	9
1862	72244	15	14
1863	72348	3	3
1864	72373	6	4
1865	72417	1	1
1866	72429	2	1
1867	72447	9	1
1868	72510	6	6
1869	72554	5	4
1870	72592	6	6
1871	72637	1	1
1872	72649	16	7
1873	72760	6	4
1874	72806	2	2
1875	72825	5	3
1876	72865	9	8
1877	72927	6	4
1878	72973	5	5
1879	73011	4	3
1880	73042	2	1
1881	73061	25	10
1882	73228	2	2
1883	73246	1	1
1884	73258	2	1
1885	73277	3	3
1886	73303	1	1
1887	73315	9	8
1888	73382	9	8
1889	73446	6	6
1890	73493	8	3
1891	73549	1	1
1892	73561	5	5
1893	73599	1	1
1894	73611	7	5
1895	73663	8	6
1896	73722	1	1
1897	73734	1	1
1898	73746	1	1
1899	73758	5	1
1900	73798	1	1
1901	73810	1	1
1902	73822	1	1
1903	73834	2	2
1904	73853	1	1
1905	73865	3	2
1906	73891	1	1
1907	73903	1	1
1908	73915	2	1
1909	73934	2	2
1910	73953	3	3
1911	73979	10	5
1912	74055	2	2
1913	74074	1	1
1914	74087	21	9
1915	74227	1	1
1916	74240	1	1
1917	74253	2	1
1918	74273	8	5
1919	74330	7	7
1920	74383	1	1
1921	74396	1	1
1922	74409	1	1
1923	74422	1	1
1924	74435	1	1
1925	74448	1	1
1926	74461	1	1
1927	74474	1	1
1928	74487	6	1
1929	74535	5	5
1930	74575	1	1
1931	74588	1	1
1932	74601	4	4
1933	74635	6	3
1934	74683	1	1
1935	74696	7	4
1936	74746	4	3
1937	74779	3	2
1938	74806	1	1
1939	74819	3	1
1940	74846	1	1
1941	74859	2	2
1942	74878	3	3
1943	74905	3	3
1944	74931	7	3
1945	74982	4	4
1946	75015	1	1
1947	75028	5	3
1948	75067	7	5
1949	75119	2	2
1950	75139	1	1
1951	75152	1	1
1952	75165	1	1
1953	75178	13	8
1954	75270	11	11
1955	75347	1	1
1956	75360	1	1
1957	75373	1	1
1958	75386	1	1
1959	75399	1	1
1960	75412	1	1
1961	75425	1	1
1962	75438	1	1
1963	75451	1	1
1964	75464	1	1
1965	75477	3	3
1966	75503	2	2
1967	75522	5	5
1968	75562	4	4
1969	75593	2	2
1970	75613	2	2
1971	75632	1	1
1972	75645	1	1
1973	75658	1	1
1974	75671	1	1
1975	75684	1	1
1976	75697	8	8
1977	75755	1	1
1978	75768	1	1
1979	75781	2	2
1980	75801	1	1
1981	75814	1	1
1982	75827	1	1
1983	75840	1	1
1984	75853	1	1
1985	75866	3	2
1986	75893	1	1
1987	75906	4	4
1988	75939	1	1
1989	75952	1	1
1990	75965	4	4
1991	75998	3	3
1992	76025	1	1
1993	76038	1	1
1994	76051	17	4
1995	76170	1	1
1996	76181	1	1
1997	76192	1	1
1998	76203	1	1
1999	76214	9	3
2000	76275	1	1
2001	76287	23	6
2002	76447	15	5
2003	76554	3	2
2004	76579	1	1
2005	76591	2	1
2006	76609	2	2
2007	76628	15	3
2008	76733	1	1
2009	76745	2	1
2010	76764	3	1
2011	76790	6	2
2012	76836	1	1
2013	76848	3	3
2014	76873	5	5
2015	76912	1	1
2016	76924	9	5
2017	76989	22	7
2018	77144	9	4
2019	77208	8	6
2020	77265	10	7
2021	77337	4	3
2022	77368	15	7
2023	77474	12	6
2024	77554	1	1
2025	77566	6	6
2026	77611	1	1
2027	77623	14	5
2028	77720	5	5
2029	77756	22	5
2030	77906	5	1
2031	77946	3	3
2032	77970	1	1
2033	77982	3	2
2034	78008	3	3
2035	78034	1	1
2036	78046	5	5
2037	78085	2	2
2038	78104	3	2
2039	78129	1	1
2040	78141	6	6
2041	78185	3	2
2042	78209	6	2
2043	78256	5	3
2044	78293	4	3
2045	78323	3	2
2046	78348	1	1
2047	78360	3	3
2048	78385	5	2
2049	78425	15	8
2050	78529	6	5
2051	78573	2	2
2052	78593	2	2
2053	78613	3	1
2054	78640	4	1
2055	78674	1	1
2056	78687	3	1
2057	78714	2	1
2058	78734	3	1
2059	78761	2	2
2060	78781	1	1
2061	78794	1	1
2062	78807	2	1
2063	78827	3	1
2064	78854	4	4
2065	78887	3	3
2066	78912	2	1
2067	78932	3	1
2068	78959	2	2
2069	78979	2	2
2070	78999	1	1
2071	79012	1	1
2072	79025	1	1
2073	79038	1	1
2074	79051	1	1
2075	79064	1	1
2076	79077	1	1
2077	79090	5	5
2078	79129	3	3
2079	79155	2	1
2080	79175	1	1
2081	79188	2	2
2082	79207	1	1
2083	79220	2	1
2084	79240	5	3
2085	79280	1	1
2086	79293	1	1
2087	79306	8	4
2088	79367	1	1
2089	79380	6	5
2090	79426	3	3
2091	79452	1	1
2092	79465	2	2
2093	79485	2	2
2094	79504	2	1
2095	79524	1	1
2096	79537	3	3
2097	79564	1	1
2098	79577	1	1
2099	79590	1	1
2100	79603	2	2
2101	79623	1	1
2102	79636	3	2
2103	79662	2	1
2104	79682	1	1
2105	79695	3	3
2106	79721	2	2
2107	79741	3	3
2108	79768	1	1
2109	79781	1	1
2110	79794	2	2
2111	79813	4	3
2112	79846	1	1
2113	79859	3	3
2114	79884	2	2
2115	79904	1	1
2116	79917	1	1
2117	79930	7	6
2118	79982	1	1
2119	79995	1	1
2120	80008	1	1
2121	80021	7	6
2122	80072	8	7
2123	80131	4	4
2124	80161	2	2
2125	80181	1	1
2126	80194	15	10
2127	80300	7	5
2128	80353	4	3
2129	80385	5	3
2130	80425	1	1
2131	80438	4	4
2132	80471	5	5
2133	80510	5	4
2134	80550	1	1
2135	80563	9	4
2136	80630	11	2
2137	80710	9	6
2138	80776	1	1
2139	80789	1	1
2140	80802	2	2
2141	80822	1	1
2142	80835	1	1
2143	80848	1	1
2144	80861	1	1
2145	80874	3	3
2146	80901	1	1
2147	80914	3	3
2148	80940	1	1
2149	80953	1	1
2150	80966	2	2
2151	80986	6	2
2152	81030	1	1
2153	81043	1	1
2154	81056	5	4
2155	81095	1	1
2156	81108	1	1
2157	81121	3	3
2158	81147	2	2
2159	81167	1	1
2160	81180	3	3
2161	81205	1	1
2162	81216	2	1
2163	81234	1	1
2164	81245	1	1
2165	81256	1	1
2166	81267	7	1
2167	81318	13	1
2168	81410	1	1
2169	81422	1	1
2170	81434	1	1
2171	81446	1	1
2172	81458	1	1
2173	81470	6	2
2174	81516	1	1
2175	81528	8	1
2176	81588	3	2
2177	81614	1	1
2178	81626	5	3
2179	81666	1	1
2180	81678	2	2
2181	81697	9	3
2182	81763	2	2
2183	81782	1	1
2184	81794	1	1
2185	81806	5	1
2186	81845	1	1
2187	81857	1	1
2188	81869	2	1
2189	81888	1	1
2190	81900	1	1
2191	81912	1	1
2192	81924	1	1
2193	81936	1	1
2194	81948	1	1
2195	81960	1	1
2196	81972	1	1
2197	81984	1	1
2198	81996	1	1
2199	82008	7	6
2200	82060	1	1
2201	82072	1	1
2202	82084	5	4
2203	82123	1	1
2204	82135	1	1
2205	82147	2	2
2206	82166	1	1
2207	82178	2	2
2208	82195	1	1
2209	82207	1	1
2210	82219	1	1
2211	82231	1	1
2212	82243	5	3
2213	82283	3	1
2214	82309	2	1
2215	82328	1	1
2216	82340	1	1
2217	82352	5	4
2218	82392	1	1
2219	82405	10	7
2220	82479	5	1
2221	82520	2	2
2222	82540	2	2
2223	82559	2	1
2224	82579	3	1
2225	82606	6	4
2226	82654	14	9
2227	82753	1	1
2228	82766	3	3
2229	82792	1	1
2230	82805	2	1
2231	82825	1	1
2232	82838	17	13
2233	82952	1	1
2234	82965	4	4
2235	82997	1	1
2236	83010	13	9
2237	83101	1	1
2238	83114	1	1
2239	83127	2	1
2240	83147	3	2
2241	83174	2	2
2242	83193	3	2
2243	83219	1	1
2244	83232	1	1
2245	83245	1	1
2246	83258	1	1
2247	83271	1	1
2248	83284	6	6
2249	83330	2	2
2250	83349	1	1
2251	83362	1	1
2252	83375	2	2
2253	83394	2	2
2254	83414	1	1
2255	83427	8	7
2256	83485	1	1
2257	83498	2	2
2258	83518	1	1
2259	83531	1	1
2260	83544	2	1
2261	83564	2	2
2262	83583	3	3
2263	83610	1	1
2264	83623	1	1
2265	83636	1	1
2266	83649	1	1
2267	83662	1	1
2268	83675	2	2
2269	83694	1	1
2270	83707	11	3
2271	83786	1	1
2272	83799	2	2
2273	83818	3	3
2274	83844	1	1
2275	83857	4	3
2276	83891	5	5
2277	83928	1	1
2278	83941	4	4
2279	83973	3	3
2280	83999	1	1
2281	84012	4	4
2282	84045	3	3
2283	84071	13	8
2284	84160	1	1
2285	84173	3	3
2286	84198	1	1
2287	84211	1	1
2288	84224	1	1
2289	84237	1	1
2290	84250	1	1
2291	84263	2	2
2292	84283	2	1
2293	84303	4	4
2294	84337	1	1
2295	84350	1	1
2296	84363	1	1
2297	84376	12	2
2298	84460	1	1
2299	84473	2	2
2300	84493	1	1
2301	84506	8	6
2302	84564	1	1
2303	84577	1	1
2304	84590	1	1
2305	84603	2	2
2306	84623	5	4
2307	84664	6	6
2308	84711	4	2
2309	84742	1	1
2310	84755	1	1
2311	84768	2	1
2312	84788	7	3
2313	84842	2	2
2314	84862	3	3
2315	84887	4	3
2316	84920	2	2
2317	84939	1	1
2318	84952	1	1
2319	84965	2	2
2320	84985	1	1
2321	84998	2	1
2322	85018	1	1
2323	85031	1	1
2324	85044	1	1
2325	85057	1	1
2326	85070	1	1
2327	85083	2	2
2328	85103	1	1
2329	85116	1	1
2330	85129	2	2
2331	85149	1	1
2332	85162	1	1
2333	85175	2	2
2334	85195	1	1
2335	85208	1	1
2336	85221	3	3
2337	85246	6	5
2338	85292	5	5
2339	85332	3	3
2340	85358	1	1
2341	85371	1	1
2342	85384	1	1
2343	85397	3	3
2344	85423	1	1
2345	85436	3	3
2346	85462	4	2
2347	85496	1	1
2348	85509	7	6
2349	85562	1	1
2350	85575	2	1
2351	85595	4	4
2352	85628	1	1
2353	85641	1	1
2354	85654	1	1
2355	85667	4	4
2356	85699	1	1
2357	85712	1	1
2358	85725	2	1
2359	85745	1	1
2360	85758	1	1
2361	85771	4	4
2362	85803	1	1
2363	85816	10	8
2364	85889	2	2
2365	85909	2	2
2366	85927	1	1
2367	85940	2	2
2368	85960	1	1
2369	85973	11	2
2370	86050	12	2
2371	86130	3	2
2372	86155	2	2
2373	86173	3	2
2374	86197	2	2
2375	86216	3	2
2376	86241	2	2
2377	86260	3	3
2378	86283	9	3
2379	86347	2	2
2380	86365	2	2
2381	86384	11	8
2382	86462	1	1
2383	86474	1	1
2384	86486	2	2
2385	86504	2	1
2386	86522	11	3
2387	86603	4	3
2388	86634	9	5
2389	86698	2	2
2390	86716	1	1
2391	86728	3	3
2392	86753	6	5
2393	86799	5	4
2394	86836	4	3
2395	86867	2	2
2396	86886	5	3
2397	86921	1	1
2398	86933	1	1
2399	86945	1	1
2400	86957	1	1
2401	86969	2	2
2402	86987	1	1
2403	86999	3	1
2404	87026	5	5
2405	87064	5	5
2406	87102	1	1
2407	87115	1	1
2408	87128	2	2
2409	87148	1	1
2410	87161	1	1
2411	87174	2	2
2412	87194	1	1
2413	87207	1	1
2414	87220	1	1
2415	87233	28	6
2416	87426	1	1
2417	87439	1	1
2418	87452	3	2
2419	87478	4	2
2420	87511	1	1
2421	87524	1	1
2422	87537	2	2
2423	87557	1	1
2424	87570	1	1
2425	87583	3	2
2426	87610	3	2
2427	87637	3	2
2428	87663	3	3
2429	87688	10	6
2430	87760	1	1
2431	87773	1	1
2432	87786	3	3
2433	87813	2	2
2434	87832	1	1
2435	87845	3	3
2436	87871	1	1
2437	87884	1	1
2438	87897	1	1
2439	87910	1	1
2440	87923	5	1
2441	87964	1	1
2442	87977	3	1
2443	88004	6	6
2444	88048	2	2
2445	88068	1	1
2446	88081	2	2
2447	88101	1	1
2448	88114	2	2
2449	88134	2	2
2450	88153	1	1
2451	88166	2	2
2452	88185	1	1
2453	88198	2	2
2454	88218	1	1
2455	88231	1	1
2456	88244	2	2
2457	88263	5	4
2458	88301	1	1
2459	88314	2	2
2460	88333	6	1
2461	88376	7	4
2462	88428	3	3
2463	88451	1	1
2464	88462	1	1
2465	88474	6	2
2466	88518	1	1
2467	88530	2	2
2468	88548	4	2
2469	88579	17	12
2470	88696	2	2
2471	88714	2	1
2472	88732	2	1
2473	88751	5	1
2474	88788	5	4
2475	88827	4	2
2476	88859	2	1
2477	88877	1	1
2478	88889	9	6
2479	88954	2	2
2480	88972	5	2
2481	89011	1	1
2482	89023	1	1
2483	89035	1	1
2484	89047	1	1
2485	89059	1	1
2486	89071	4	4
2487	89102	3	2
2488	89127	2	2
2489	89146	2	2
2490	89165	4	4
2491	89197	1	1
2492	89209	1	1
2493	89221	12	7
2494	89307	1	1
2495	89319	3	3
2496	89345	2	2
2497	89364	3	3
2498	89391	4	3
2499	89424	9	7
2500	89492	5	5
2501	89532	3	2
2502	89559	1	1
2503	89572	1	1
2504	89585	1	1
2505	89598	1	1
2506	89611	2	2
2507	89630	10	2
2508	89701	1	1
2509	89712	6	2
2510	89757	2	2
2511	89774	11	5
2512	89852	3	2
2513	89878	1	1
2514	89890	4	3
2515	89921	4	3
2516	89954	2	1
2517	89973	5	3
2518	90010	5	4
2519	90048	8	3
2520	90107	3	1
2521	90133	5	1
2522	90173	2	2
2523	90190	1	1
2524	90202	1	1
2525	90214	2	1
2526	90233	2	2
2527	90251	6	2
2528	90295	2	2
2529	90313	2	2
2530	90331	1	1
2531	90343	4	1
2532	90376	1	1
2533	90388	4	1
2534	90420	1	1
2535	90432	1	1
2536	90444	1	1
2537	90456	8	1
2538	90516	1	1
2539	90528	1	1
2540	90540	1	1
2541	90552	1	1
2542	90564	2	2
2543	90583	8	8
2544	90639	3	2
2545	90664	3	1
2546	90690	4	4
2547	90722	5	2
2548	90760	1	1
2549	90772	4	2
2550	90803	1	1
2551	90815	5	3
2552	90854	2	1
2553	90873	1	1
2554	90885	1	1
2555	90897	1	1
2556	90910	1	1
2557	90923	1	1
2558	90936	5	4
2559	90975	2	1
2560	90995	4	4
2561	91027	3	3
2562	91053	3	3
2563	91078	2	2
2564	91097	4	2
2565	91130	2	2
2566	91149	1	1
2567	91162	1	1
2568	91175	2	2
2569	91195	1	1
2570	91208	9	9
2571	91273	2	2
2572	91292	1	1
2573	91305	3	2
2574	91331	1	1
2575	91344	1	1
2576	91357	3	3
2577	91384	1	1
2578	91397	1	1
2579	91410	5	4
2580	91449	1	1
2581	91462	3	3
2582	91489	5	4
2583	91529	1	1
2584	91542	5	5
2585	91583	3	3
2586	91609	1	1
2587	91622	3	3
2588	91647	1	1
2589	91660	1	1
2590	91673	9	8
2591	91740	1	1
2592	91753	1	1
2593	91766	1	1
2594	91779	2	2
2595	91799	8	6
2596	91856	1	1
2597	91869	1	1
2598	91882	2	2
2599	91900	1	1
2600	91913	3	3
2601	91939	2	2
2602	91959	1	1
2603	91972	2	2
2604	91991	1	1
2605	92004	2	2
2606	92024	2	2
2607	92043	1	1
2608	92056	1	1
2609	92069	1	1
2610	92082	2	1
2611	92102	3	2
2612	92129	1	1
2613	92142	3	3
2614	92167	1	1
2615	92180	2	2
2616	92199	2	2
2617	92219	1	1
2618	92232	7	7
2619	92283	2	2
2620	92303	1	1
2621	92316	1	1
2622	92329	1	1
2623	92342	3	3
2624	92369	1	1
2625	92382	1	1
2626	92395	1	1
2627	92408	2	1
2628	92428	2	1
2629	92448	3	3
2630	92474	1	1
2631	92487	3	2
2632	92512	1	1
2633	92525	1	1
2634	92538	1	1
2635	92551	1	1
2636	92564	4	3
2637	92598	2	2
2638	92618	5	4
2639	92658	1	1
2640	92671	2	2
2641	92690	1	1
2642	92703	1	1
2643	92716	1	1
2644	92729	1	1
2645	92742	11	8
2646	92818	4	2
2647	92852	1	1
2648	92865	2	1
2649	92885	4	4
2650	92917	2	2
2651	92936	12	7
2652	93024	1	1
2653	93037	1	1
2654	93050	1	1
2655	93063	3	3
2656	93088	1	1
2657	93101	1	1
2658	93114	4	3
2659	93148	1	1
2660	93161	4	4
2661	93193	2	2
2662	93213	1	1
2663	93226	1	1
2664	93239	1	1
2665	93252	12	3
2666	93332	2	2
2667	93351	1	1
2668	93364	1	1
2669	93377	1	1
2670	93390	6	6
2671	93437	3	3
2672	93463	2	2
2673	93483	2	2
2674	93503	1	1
2675	93516	5	4
2676	93553	1	1
2677	93566	2	2
2678	93585	1	1
2679	93598	1	1
2680	93611	2	2
2681	93631	1	1
2682	93644	1	1
2683	93657	1	1
2684	93670	1	1
2685	93683	5	3
2686	93724	1	1
2687	93737	1	1
2688	93750	8	6
2689	93809	1	1
2690	93822	1	1
2691	93835	1	1
2692	93848	1	1
2693	93859	4	4
2694	93889	3	1
2695	93914	1	1
2696	93925	2	1
2697	93944	8	2
2698	94002	2	1
2699	94021	13	1
2700	94115	2	1
2701	94133	6	6
2702	94178	2	1
2703	94196	2	1
2704	94215	1	1
2705	94227	1	1
2706	94239	9	5
2707	94305	11	7
2708	94382	5	2
2709	94420	1	1
2710	94432	3	2
2711	94456	1	1
2712	94468	3	3
2713	94494	3	3
2714	94519	2	1
2715	94538	2	2
2716	94556	2	1
2717	94575	1	1
2718	94587	3	3
2719	94612	4	3
2720	94643	2	2
2721	94662	2	2
2722	94680	5	5
2723	94719	10	9
2724	94788	1	1
2725	94800	7	7
2726	94851	2	2
2727	94870	1	1
2728	94882	1	1
2729	94894	2	1
2730	94912	4	4
2731	94944	2	2
2732	94963	4	4
2733	94994	1	1
2734	95006	1	1
2735	95018	1	1
2736	95030	1	1
2737	95043	1	1
2738	95056	2	1
2739	95076	7	7
2740	95129	2	2
2741	95148	3	2
2742	95173	3	2
2743	95198	1	1
2744	95211	1	1
2745	95224	3	3
2746	95250	5	4
2747	95289	2	1
2748	95309	1	1
2749	95322	1	1
2750	95335	1	1
2751	95348	4	4
2752	95381	1	1
2753	95394	1	1
2754	95407	2	2
2755	95427	5	4
2756	95468	1	1
2757	95481	2	2
2758	95500	1	1
2759	95513	1	1
2760	95526	3	3
2761	95552	6	5
2762	95596	1	1
2763	95609	2	2
2764	95629	2	2
2765	95649	1	1
2766	95662	3	3
2767	95688	2	2
2768	95708	8	6
2769	95766	1	1
2770	95779	1	1
2771	95792	3	3
2772	95819	3	3
2773	95845	2	1
2774	95865	1	1
2775	95878	6	5
2776	95924	1	1
2777	95937	2	1
2778	95957	1	1
2779	95970	3	3
2780	95995	1	1
2781	96008	7	7
2782	96060	2	2
2783	96080	18	10
2784	96205	1	1
2785	96218	1	1
2786	96231	4	3
2787	96264	2	2
2788	96284	2	2
2789	96304	1	1
2790	96317	1	1
2791	96330	1	1
2792	96343	1	1
2793	96354	1	1
2794	96365	3	3
2795	96388	2	1
2796	96405	3	3
2797	96431	1	1
2798	96443	1	1
2799	96455	3	3
2800	96481	2	2
2801	96500	1	1
2802	96512	1	1
2803	96524	1	1
2804	96536	1	1
2805	96548	1	1
2806	96560	1	1
2807	96572	4	4
2808	96603	1	1
2809	96615	1	1
2810	96627	1	1
2811	96639	1	1
2812	96651	1	1
2813	96663	2	1
2814	96681	4	1
2815	96712	2	1
2816	96730	1	1
2817	96742	1	1
2818	96754	1	1
2819	96766	1	1
2820	96778	1	1
2821	96790	1	1
2822	96802	2	2
2823	96821	1	1
2824	96833	1	1
2825	96845	1	1
2826	96857	2	2
2827	96875	1	1
2828	96887	1	1
2829	96899	3	3
2830	96925	2	2
2831	96944	2	2
2832	96964	3	2
2833	96991	5	5
2834	97031	1	1
2835	97044	2	2
2836	97064	1	1
2837	97077	2	2
2838	97097	1	1
2839	97110	1	1
2840	97123	1	1
2841	97136	6	3
2842	97184	1	1
2843	97197	1	1
2844	97210	1	1
2845	97223	1	1
2846	97236	1	1
2847	97249	1	1
2848	97262	7	4
2849	97311	2	1
2850	97331	1	1
2851	97344	1	1
2852	97357	2	2
2853	97377	3	3
2854	97403	1	1
2855	97416	1	1
2856	97429	6	3
2857	97474	5	1
2858	97515	1	1
2859	97528	3	1
2860	97555	1	1
2861	97568	6	3
2862	97615	2	2
2863	97635	1	1
2864	97648	2	2
2865	97668	1	1
2866	97681	3	3
2867	97707	6	6
2868	97753	1	1
2869	97766	1	1
2870	97779	1	1
2871	97792	1	1
2872	97805	1	1
2873	97818	1	1
2874	97831	2	2
2875	97850	4	4
2876	97882	3	3
2877	97909	1	1
2878	97922	3	2
2879	97948	2	2
2880	97968	1	1
2881	97981	2	2
2882	98001	1	1
2883	98014	1	1
2884	98027	1	1
2885	98040	1	1
2886	98053	1	1
2887	98066	1	1
2888	98079	1	1
2889	98092	3	2
2890	98115	1	1
2891	98126	2	2
2892	98144	1	1
2893	98155	2	1
2894	98173	3	2
2895	98196	2	1
2896	98214	3	3
2897	98238	3	1
2898	98263	3	3
2899	98288	6	5
2900	98331	4	2
2901	98362	1	1
2902	98374	3	3
2903	98400	1	1
2904	98412	1	1
2905	98424	1	1
2906	98436	2	2
2907	98455	4	1
2908	98486	2	1
2909	98505	1	1
2910	98517	7	4
2911	98568	1	1
2912	98580	1	1
2913	98592	4	4
2914	98623	2	2
2915	98642	3	3
2916	98667	4	3
2917	98701	2	2
2918	98720	1	1
2919	98733	1	1
2920	98746	2	2
2921	98766	10	1
2922	98838	6	1
2923	98883	2	1
2924	98901	5	2
2925	98940	4	3
2926	98972	6	1
2927	99019	2	1
2928	99037	2	1
2929	99055	1	1
2930	99067	13	1
2931	99160	1	1
2932	99172	4	3
2933	99205	2	1
2934	99224	4	4
2935	99256	1	1
2936	99268	3	2
2937	99294	4	3
2938	99327	1	1
2939	99339	2	2
2940	99358	1	1
2941	99370	1	1
2942	99382	2	1
2943	99401	1	1
2944	99413	1	1
2945	99425	1	1
2946	99437	5	2
2947	99473	1	1
2948	99485	2	2
2949	99503	2	2
2950	99522	1	1
2951	99534	1	1
2952	99546	6	2
2953	99591	1	1
2954	99603	1	1
2955	99615	1	1
2956	99627	1	1
2957	99639	1	1
2958	99651	1	1
2959	99663	2	2
2960	99682	1	1
2961	99694	5	5
2962	99733	1	1
2963	99746	1	1
2964	99759	1	1
2965	99772	3	3
2966	99799	1	1
2967	99812	6	5
2968	99855	5	3
2969	99895	2	2
2970	99914	1	1
2971	99927	1	1
2972	99940	2	2
2973	99960	3	2
2974	99987	1	1
2975	100000	1	1
2976	100013	2	2
2977	100033	1	1
2978	100046	1	1
2979	100059	3	3
2980	100085	1	1
2981	100098	1	1
2982	100111	2	2
2983	100131	1	1
2984	100144	1	1
2985	100157	1	1
2986	100170	1	1
2987	100183	1	1
2988	100196	6	5
2989	100243	3	2
2990	100270	2	2
2991	100290	1	1
2992	100303	1	1
2993	100316	1	1
2994	100329	3	3
2995	100355	1	1
2996	100368	1	1
2997	100381	1	1
2998	100394	1	1
2999	100407	3	1
3000	100434	2	2
3001	100453	1	1
3002	100466	2	1
3003	100486	1	1
3004	100499	1	1
3005	100512	1	1
3006	100525	1	1
3007	100538	1	1
3008	100551	1	1
3009	100564	1	1
3010	100577	1	1
3011	100590	1	1
3012	100603	7	6
3013	100655	1	1
3014	100668	1	1
3015	100681	1	1
3016	100694	1	1
3017	100707	1	1
3018	100720	3	3
3019	100746	1	1
3020	100759	1	1
3021	100772	1	1
3022	100785	1	1
3023	100798	2	2
3024	100818	3	2
3025	100845	1	1
3026	100856	1	1
3027	100867	3	3
3028	100890	5	4
3029	100928	2	2
3030	100947	1	1
3031	100959	8	3
3032	101015	1	1
3033	101027	1	1
3034	101039	4	2
3035	101069	2	1
3036	101087	7	2
3037	101138	6	4
3038	101183	1	1
3039	101195	1	1
3040	101207	1	1
3041	101219	8	6
3042	101275	1	1
3043	101287	1	1
3044	101299	1	1
3045	101311	1	1
3046	101323	5	2
3047	101363	3	3
3048	101388	1	1
3049	101400	1	1
3050	101412	1	1
3051	101424	1	1
3052	101436	1	1
3053	101448	4	3
3054	101480	1	1
3055	101492	1	1
3056	101504	6	5
3057	101550	2	2
3058	101567	1	1
3059	101579	2	2
3060	101598	2	1
3061	101617	1	1
3062	101629	1	1
3063	101641	1	1
3064	101653	2	1
3065	101673	1	1
3066	101686	2	1
3067	101706	1	1
3068	101719	1	1
3069	101732	2	1
3070	101752	1	1
3071	101765	1	1
3072	101778	1	1
3073	101791	1	1
3074	101804	1	1
3075	101817	1	1
3076	101830	1	1
3077	101843	1	1
3078	101856	8	8
3079	101914	1	1
3080	101927	2	2
3081	101946	2	1
3082	101966	2	2
3083	101986	1	1
3084	101999	1	1
3085	102012	4	4
3086	102045	1	1
3087	102058	2	2
3088	102078	1	1
3089	102091	5	5
3090	102130	1	1
3091	102143	7	5
3092	102198	1	1
3093	102211	2	2
3094	102230	1	1
3095	102243	1	1
3096	102256	1	1
3097	102269	1	1
3098	102282	1	1
3099	102295	1	1
3100	102308	1	1
3101	102321	2	2
3102	102341	1	1
3103	102354	1	1
3104	102365	2	1
3105	102382	1	1
3106	102394	3	2
3107	102417	3	3
3108	102440	12	1
3109	102527	5	5
3110	102564	2	1
3111	102583	3	2
3112	102609	3	2
3113	102635	1	1
3114	102647	7	5
3115	102699	1	1
3116	102711	20	8
3117	102847	1	1
3118	102859	3	2
3119	102884	2	2
3120	102903	2	1
3121	102922	12	9
3122	103009	4	3
3123	103041	14	6
3124	103139	1	1
3125	103151	1	1
3126	103163	2	2
3127	103181	3	1
3128	103207	1	1
3129	103219	6	2
3130	103264	1	1
3131	103276	6	2
3132	103322	2	2
3133	103341	2	1
3134	103361	1	1
3135	103374	3	2
3136	103401	1	1
3137	103414	1	1
3138	103427	1	1
3139	103440	4	2
3140	103474	1	1
3141	103487	1	1
3142	103500	1	1
3143	103513	4	4
3144	103544	3	2
3145	103571	1	1
3146	103584	1	1
3147	103597	1	1
3148	103610	2	2
3149	103629	1	1
3150	103642	2	1
3151	103662	3	3
3152	103688	1	1
3153	103701	1	1
3154	103714	1	1
3155	103727	1	1
3156	103740	1	1
3157	103753	3	2
3158	103779	2	2
3159	103797	3	3
3160	103822	3	3
3161	103848	1	1
3162	103861	3	3
3163	103886	2	2
3164	103906	2	2
3165	103926	1	1
3166	103939	1	1
3167	103952	1	1
3168	103965	1	1
3169	103978	1	1
3170	103991	2	2
3171	104010	6	5
3172	104055	1	1
3173	104068	1	1
3174	104081	1	1
3175	104094	3	3
3176	104118	1	1
3177	104131	1	1
3178	104144	1	1
3179	104157	1	1
3180	104170	1	1
3181	104183	1	1
3182	104196	1	1
3183	104209	3	3
3184	104235	1	1
3185	104248	1	1
3186	104261	1	1
3187	104274	2	2
3188	104293	3	3
3189	104320	1	1
3190	104333	1	1
3191	104346	4	3
3192	104378	1	1
3193	104391	1	1
3194	104404	4	4
3195	104437	1	1
3196	104450	2	2
3197	104470	1	1
3198	104483	2	2
3199	104502	1	1
3200	104515	1	1
3201	104528	5	5
3202	104567	2	2
3203	104587	6	3
3204	104631	2	2
3205	104649	1	1
3206	104660	2	1
3207	104678	11	1
3208	104756	1	1
3209	104767	4	2
3210	104799	3	1
3211	104825	2	2
3212	104843	1	1
3213	104855	2	1
3214	104874	2	1
3215	104892	2	2
3216	104910	2	2
3217	104929	5	5
3218	104968	1	1
3219	104980	1	1
3220	104992	1	1
3221	105004	1	1
3222	105016	1	1
3223	105028	2	1
3224	105047	1	1
3225	105059	1	1
3226	105071	3	3
3227	105096	1	1
3228	105108	1	1
3229	105120	2	2
3230	105139	1	1
3231	105151	1	1
3232	105163	11	7
3233	105239	6	6
3234	105285	7	6
3235	105338	1	1
3236	105350	1	1
3237	105362	5	1
3238	105401	1	1
3239	105413	1	1
3240	105425	3	3
3241	105450	3	2
3242	105476	1	1
3243	105489	1	1
3244	105502	1	1
3245	105515	2	1
3246	105535	1	1
3247	105548	2	1
3248	105568	1	1
3249	105581	1	1
3250	105594	1	1
3251	105607	1	1
3252	105620	2	1
3253	105640	1	1
3254	105653	1	1
3255	105666	1	1
3256	105679	1	1
3257	105692	1	1
3258	105705	1	1
3259	105718	7	5
3260	105769	3	3
3261	105796	2	1
3262	105816	1	1
3263	105829	12	7
3264	105915	2	2
3265	105934	1	1
3266	105947	1	1
3267	105960	2	2
3268	105980	2	2
3269	106000	1	1
3270	106013	1	1
3271	106026	1	1
3272	106039	2	2
3273	106058	2	2
3274	106077	1	1
3275	106090	2	2
3276	106110	1	1
3277	106123	2	1
3278	106143	1	1
3279	106156	6	6
3280	106203	1	1
3281	106216	1	1
3282	106229	1	1
3283	106242	5	4
3284	106282	2	2
3285	106301	1	1
3286	106314	2	2
3287	106334	1	1
3288	106347	1	1
3289	106360	1	1
3290	106373	2	2
3291	106392	1	1
3292	106405	1	1
3293	106418	1	1
3294	106431	1	1
3295	106444	3	3
3296	106468	1	1
3297	106481	1	1
3298	106494	2	2
3299	106514	4	1
3300	106545	4	3
3301	106575	3	2
3302	106600	1	1
3303	106612	7	3
3304	106663	2	1
3305	106682	2	1
3306	106700	1	1
3307	106712	1	1
3308	106724	3	1
3309	106748	6	5
3310	106791	3	1
3311	106817	3	3
3312	106843	5	3
3313	106881	3	3
3314	106906	1	1
3315	106918	1	1
3316	106930	1	1
3317	106942	1	1
3318	106954	4	3
3319	106985	2	2
3320	107003	2	2
3321	107022	3	2
3322	107048	1	1
3323	107060	4	1
3324	107092	1	1
3325	107104	2	1
3326	107123	1	1
3327	107135	6	4
3328	107180	1	1
3329	107192	1	1
3330	107204	2	1
3331	107223	2	1
3332	107242	1	1
3333	107254	3	3
3334	107280	2	2
3335	107299	1	1
3336	107311	1	1
3337	107324	1	1
3338	107337	2	2
3339	107356	2	2
3340	107375	2	2
3341	107394	3	2
3342	107420	3	1
3343	107447	1	1
3344	107460	1	1
3345	107473	1	1
3346	107486	1	1
3347	107499	1	1
3348	107512	2	1
3349	107532	4	3
3350	107565	1	1
3351	107578	2	2
3352	107597	3	3
3353	107623	1	1
3354	107636	1	1
3355	107649	1	1
3356	107662	1	1
3357	107675	1	1
3358	107688	1	1
3359	107701	1	1
3360	107714	9	5
3361	107782	1	1
3362	107795	1	1
3363	107808	2	2
3364	107828	3	2
3365	107853	1	1
3366	107866	2	2
3367	107886	3	1
3368	107913	1	1
3369	107926	1	1
3370	107939	1	1
3371	107952	1	1
3372	107965	3	3
3373	107990	1	1
3374	108003	1	1
3375	108016	2	2
3376	108036	2	2
3377	108056	2	2
3378	108075	1	1
3379	108088	1	1
3380	108101	1	1
3381	108114	2	2
3382	108133	3	3
3383	108159	1	1
3384	108172	4	3
3385	108199	4	1
3386	108230	1	1
3387	108241	2	2
3388	108258	7	4
3389	108307	1	1
3390	108319	8	2
3391	108377	3	2
3392	108403	1	1
3393	108415	6	1
3394	108458	1	1
3395	108470	1	1
3396	108482	4	1
3397	108513	2	2
3398	108532	3	2
3399	108558	1	1
3400	108570	1	1
3401	108582	1	1
3402	108594	3	2
3403	108618	4	3
3404	108650	1	1
3405	108662	1	1
3406	108674	1	1
3407	108686	1	1
3408	108698	5	1
3409	108736	1	1
3410	108748	1	1
3411	108760	1	1
3412	108772	1	1
3413	108785	1	1
3414	108798	4	3
3415	108830	4	3
3416	108862	1	1
3417	108875	1	1
3418	108888	2	2
3419	108908	3	2
3420	108934	2	2
3421	108953	1	1
3422	108966	2	2
3423	108986	2	2
3424	109005	1	1
3425	109018	1	1
3426	109031	4	4
3427	109063	1	1
3428	109076	1	1
3429	109089	1	1
3430	109102	1	1
3431	109115	1	1
3432	109128	6	2
3433	109175	4	4
3434	109206	1	1
3435	109217	1	1
3436	109228	4	1
3437	109258	1	1
3438	109269	1	1
3439	109281	2	2
3440	109299	2	1
3441	109317	2	1
3442	109336	2	1
3443	109354	4	2
3444	109385	3	2
3445	109409	1	1
3446	109421	2	2
3447	109440	1	1
3448	109452	2	1
3449	109470	1	1
3450	109482	2	1
3451	109500	1	1
3452	109512	1	1
3453	109524	3	3
3454	109548	1	1
3455	109560	1	1
3456	109572	1	1
3457	109584	2	2
3458	109602	1	1
3459	109614	5	1
3460	109654	1	1
3461	109666	2	2
3462	109684	1	1
3463	109696	1	1
3464	109708	4	2
3465	109738	1	1
3466	109750	1	1
3467	109762	2	2
3468	109781	1	1
3469	109793	1	1
3470	109805	2	2
3471	109823	3	3
3472	109848	1	1
3473	109860	1	1
3474	109872	1	1
3475	109884	1	1
3476	109897	1	1
3477	109910	1	1
3478	109923	3	3
3479	109949	1	1
3480	109962	1	1
3481	109975	1	1
3482	109988	1	1
3483	110001	1	1
3484	110014	2	2
3485	110034	2	1
3486	110054	1	1
3487	110067	1	1
3488	110080	6	2
3489	110128	1	1
3490	110141	1	1
3491	110154	2	1
3492	110174	5	2
3493	110214	1	1
3494	110227	1	1
3495	110240	4	1
3496	110274	2	1
3497	110294	3	2
3498	110320	1	1
3499	110333	1	1
3500	110346	3	3
3501	110372	1	1
3502	110385	1	1
3503	110398	1	1
3504	110411	1	1
3505	110424	3	1
3506	110451	1	1
3507	110464	3	2
3508	110488	1	1
3509	110501	2	2
3510	110520	1	1
3511	110533	1	1
3512	110546	2	1
3513	110566	1	1
3514	110579	1	1
3515	110592	2	2
3516	110612	2	2
3517	110631	1	1
3518	110644	1	1
3519	110657	1	1
3520	110670	1	1
3521	110683	1	1
3522	110696	1	1
3523	110709	1	1
3524	110722	1	1
3525	110735	4	3
3526	110769	1	1
3527	110782	1	1
3528	110795	2	2
3529	110815	1	1
3530	110828	3	3
3531	110854	1	1
3532	110867	1	1
3533	110880	2	1
3534	110900	1	1
3535	110913	6	6
3536	110957	1	1
3537	110970	1	1
3538	110983	1	1
3539	110996	3	1
3540	111023	1	1
3541	111036	1	1
3542	111049	2	1
3543	111069	1	1
3544	111082	2	1
3545	111102	1	1
3546	111115	1	1
3547	111128	1	1
3548	111141	2	1
3549	111161	1	1
3550	111174	1	1
3551	111187	1	1
3552	111200	1	1
3553	111213	1	1
3554	111226	1	1
3555	111239	1	1
3556	111252	1	1
3557	111265	1	1
3558	111278	1	1
3559	111291	1	1
3560	111304	1	1
3561	111317	1	1
3562	111330	1	1
3563	111343	1	1
3564	111356	1	1
3565	111369	1	1
3566	111382	3	2
3567	111409	1	1
3568	111422	2	1
3569	111442	2	1
3570	111462	2	2
3571	111482	1	1
3572	111495	1	1
3573	111508	2	2
3574	111528	2	1
3575	111548	1	1
3576	111561	4	1
3577	111595	5	4
3578	111632	1	1
3579	111645	1	1
3580	111658	1	1
3581	111671	1	1
3582	111684	2	2
3583	111704	2	1
3584	111724	1	1
3585	111737	1	1
3586	111750	6	6
3587	111797	1	1
3588	111810	1	1
3589	111823	1	1
3590	111836	1	1
3591	111849	1	1
3592	111862	1	1
3593	111875	1	1
3594	111888	1	1
3595	111901	1	1
3596	111914	1	1
3597	111927	1	1
3598	111940	1	1
3599	111953	1	1
3600	111966	1	1
3601	111979	1	1
3602	111992	1	1
3603	112005	1	1
3604	112018	3	3
3605	112043	1	1
3606	112056	1	1
3607	112069	1	1
3608	112082	1	1
3609	112095	2	2
3610	112114	2	2
3611	112133	1	1
3612	112146	1	1
3613	112159	1	1
3614	112172	1	1
3615	112185	2	2
3616	112203	2	2
3617	112221	9	3
3618	112284	6	4
3619	112327	5	2
3620	112365	1	1
3621	112377	5	4
3622	112414	1	1
3623	112426	1	1
3624	112438	2	2
3625	112456	2	2
3626	112474	1	1
3627	112486	1	1
3628	112498	1	1
3629	112510	1	1
3630	112522	1	1
3631	112534	4	4
3632	112566	4	4
3633	112596	5	5
3634	112635	1	1
3635	112647	1	1
3636	112659	2	2
3637	112678	7	2
3638	112730	3	3
3639	112756	1	1
3640	112768	3	1
3641	112794	5	3
3642	112833	1	1
3643	112845	1	1
3644	112857	2	2
3645	112876	2	2
3646	112895	1	1
3647	112907	1	1
3648	112919	1	1
3649	112932	4	3
3650	112965	2	1
3651	112985	1	1
3652	112998	2	2
3653	113018	2	1
3654	113038	1	1
3655	113051	2	2
3656	113071	1	1
3657	113084	2	2
3658	113103	1	1
3659	113116	1	1
3660	113129	1	1
3661	113142	1	1
3662	113155	2	2
3663	113174	1	1
3664	113187	1	1
3665	113200	2	2
3666	113219	1	1
3667	113232	1	1
3668	113245	1	1
3669	113258	1	1
3670	113271	1	1
3671	113284	1	1
3672	113297	1	1
3673	113310	3	3
3674	113336	2	1
3675	113356	3	3
3676	113383	1	1
3677	113396	2	2
3678	113416	3	3
3679	113441	3	3
3680	113468	10	7
3681	113540	1	1
3682	113553	5	5
3683	113594	2	2
3684	113614	2	2
3685	113634	4	4
3686	113666	1	1
3687	113679	1	1
3688	113692	1	1
3689	113705	1	1
3690	113718	1	1
3691	113731	1	1
3692	113742	4	1
3693	113771	1	1
3694	113782	4	2
3695	113813	1	1
3696	113824	8	4
3697	113879	2	1
3698	113898	1	1
3699	113910	2	1
3700	113929	1	1
3701	113941	2	2
3702	113960	3	1
3703	113986	3	1
3704	114012	1	1
3705	114024	1	1
3706	114036	5	1
3707	114073	2	2
3708	114092	3	3
3709	114117	1	1
3710	114129	1	1
3711	114141	1	1
3712	114153	2	2
3713	114172	1	1
3714	114184	1	1
3715	114196	6	3
3716	114240	1	1
3717	114252	1	1
3718	114264	1	1
3719	114276	1	1
3720	114288	2	2
3721	114307	1	1
3722	114319	2	1
3723	114338	1	1
3724	114350	1	1
3725	114362	1	1
3726	114374	1	1
3727	114386	1	1
3728	114399	1	1
3729	114412	1	1
3730	114425	2	2
3731	114444	1	1
3732	114457	3	3
3733	114484	1	1
3734	114497	1	1
3735	114510	2	1
3736	114530	6	5
3737	114574	3	3
3738	114600	1	1
3739	114613	2	2
3740	114633	1	1
3741	114646	1	1
3742	114659	1	1
3743	114672	1	1
3744	114685	3	3
3745	114712	2	2
3746	114731	2	2
3747	114750	2	2
3748	114769	2	2
3749	114788	2	2
3750	114807	4	3
3751	114838	5	4
3752	114878	2	2
3753	114897	5	3
3754	114937	2	2
3755	114956	2	2
3756	114975	2	2
3757	114994	3	3
3758	115020	3	2
3759	115046	2	2
3760	115065	2	2
3761	115084	3	2
3762	115110	4	3
3763	115141	1	1
3764	115153	2	2
3765	115172	2	2
3766	115191	2	2
3767	115210	2	2
3768	115229	2	2
3769	115248	1	1
3770	115260	3	3
3771	115286	1	1
3772	115298	2	2
3773	115316	2	2
3774	115335	1	1
3775	115347	1	1
3776	115359	4	4
3777	115392	1	1
3778	115404	3	3
3779	115428	1	1
3780	115440	1	1
3781	115453	2	2
3782	115472	2	2
3783	115490	4	2
3784	115520	1	1
3785	115533	1	1
3786	115546	7	4
3787	115595	2	2
3788	115615	1	1
3789	115628	1	1
3790	115641	1	1
3791	115654	1	1
3792	115667	1	1
3793	115680	1	1
3794	115693	1	1
3795	115706	4	2
3796	115740	1	1
3797	115753	1	1
3798	115766	1	1
3799	115779	2	1
3800	115799	1	1
3801	115812	2	2
3802	115832	1	1
3803	115845	1	1
3804	115858	1	1
3805	115871	1	1
3806	115884	3	3
3807	115908	1	1
3808	115921	1	1
3809	115934	2	2
3810	115954	4	2
3811	115985	2	2
3812	116005	2	2
3813	116024	1	1
3814	116037	3	3
3815	116063	2	2
3816	116082	2	1
3817	116102	3	3
3818	116128	1	1
3819	116141	1	1
3820	116154	1	1
3821	116167	1	1
3822	116180	1	1
3823	116193	2	2
3824	116212	1	1
3825	116225	5	5
3826	116263	1	1
3827	116276	6	3
3828	116321	1	1
3829	116334	1	1
3830	116347	1	1
3831	116360	1	1
3832	116373	2	2
3833	116393	1	1
3834	116406	1	1
3835	116419	3	3
3836	116445	1	1
3837	116458	1	1
3838	116471	2	2
3839	116491	1	1
3840	116504	1	1
3841	116517	2	1
3842	116537	1	1
3843	116550	1	1
3844	116563	1	1
3845	116576	1	1
3846	116589	1	1
3847	116602	2	1
3848	116622	1	1
3849	116635	1	1
3850	116648	1	1
3851	116661	1	1
3852	116674	1	1
3853	116687	1	1
3854	116700	1	1
3855	116713	7	4
3856	116763	5	3
3857	116801	2	2
3858	116820	2	2
3859	116839	2	2
3860	116859	1	1
3861	116872	3	2
3862	116897	2	2
3863	116916	1	1
3864	116929	4	3
3865	116963	1	1
3866	116976	1	1
3867	116989	3	3
3868	117016	2	2
3869	117034	5	4
3870	117073	10	6
3871	117146	2	2
3872	117165	1	1
3873	117178	3	2
3874	117204	1	1
3875	117217	2	2
3876	117236	2	2
3877	117256	1	1
3878	117269	4	4
3879	117301	6	2
3880	117344	3	2
3881	117369	2	2
3882	117388	4	2
3883	117419	2	2
3884	117436	1	1
3885	117447	9	2
3886	117513	3	2
3887	117538	1	1
3888	117550	1	1
3889	117562	3	3
3890	117588	1	1
3891	117600	1	1
3892	117612	2	1
3893	117630	1	1
3894	117642	4	2
3895	117673	1	1
3896	117685	1	1
3897	117697	1	1
3898	117709	1	1
3899	117721	2	1
3900	117740	3	1
3901	117765	1	1
3902	117777	2	2
3903	117796	1	1
3904	117808	2	1
3905	117827	2	2
3906	117846	2	1
3907	117866	1	1
3908	117879	1	1
3909	117892	1	1
3910	117905	1	1
3911	117918	1	1
3912	117931	3	2
3913	117957	2	2
3914	117977	3	2
3915	118004	1	1
3916	118017	1	1
3917	118030	1	1
3918	118043	1	1
3919	118056	1	1
3920	118069	1	1
3921	118082	1	1
3922	118095	1	1
3923	118108	1	1
3924	118121	1	1
3925	118134	1	1
3926	118147	1	1
3927	118160	1	1
3928	118173	1	1
3929	118186	1	1
3930	118199	3	2
3931	118226	6	5
3932	118272	2	2
3933	118292	2	2
3934	118312	2	2
3935	118331	1	1
3936	118344	1	1
3937	118357	1	1
3938	118370	1	1
3939	118383	1	1
3940	118396	1	1
3941	118409	1	1
3942	118422	1	1
3943	118435	1	1
3944	118448	1	1
3945	118461	1	1
3946	118472	1	1
3947	118483	1	1
3948	118494	2	1
3949	118511	2	1
3950	118528	1	1
3951	118540	1	1
3952	118552	1	1
3953	118564	1	1
3954	118576	1	1
3955	118588	1	1
3956	118600	2	2
3957	118618	3	2
3958	118644	5	4
3959	118681	3	3
3960	118705	1	1
3961	118717	1	1
3962	118729	1	1
3963	118741	1	1
3964	118753	2	1
3965	118770	2	1
3966	118787	2	2
3967	118804	1	1
3968	118816	1	1
3969	118828	2	1
3970	118846	1	1
3971	118858	1	1
3972	118870	1	1
3973	118882	1	1
3974	118894	1	1
3975	118906	2	2
3976	118924	1	1
3977	118936	1	1
3978	118948	1	1
3979	118960	2	1
3980	118977	3	1
3981	119000	1	1
3982	119011	2	2
3983	119029	3	1
3984	119053	2	1
3985	119071	3	1
3986	119095	1	1
3987	119107	2	1
3988	119126	1	1
3989	119138	1	1
3990	119150	2	1
3991	119169	10	1
3992	119241	1	1
3993	119253	1	1
3994	119265	1	1
3995	119277	2	2
3996	119295	2	2
3997	119313	4	2
3998	119346	3	2
3999	119370	2	2
4000	119388	3	3
4001	119412	1	1
4002	119424	4	4
4003	119455	1	1
4004	119467	2	2
4005	119485	2	1
4006	119504	1	1
4007	119517	1	1
4008	119530	1	1
4009	119543	1	1
4010	119556	1	1
4011	119569	1	1
4012	119582	1	1
4013	119595	2	1
4014	119615	1	1
4015	119628	3	2
4016	119655	1	1
4017	119668	1	1
4018	119681	3	2
4019	119705	1	1
4020	119718	1	1
4021	119731	1	1
4022	119744	1	1
4023	119757	1	1
4024	119770	2	2
4025	119790	1	1
4026	119803	1	1
4027	119816	1	1
4028	119829	1	1
4029	119842	1	1
4030	119855	1	1
4031	119868	1	1
4032	119881	7	2
4033	119935	1	1
4034	119948	1	1
4035	119961	1	1
4036	119974	1	1
4037	119987	1	1
4038	120000	1	1
4039	120013	1	1
4040	120026	1	1
4041	120037	4	2
4042	120067	1	1
4043	120078	2	1
4044	120097	2	1
4045	120115	6	5
4046	120160	2	2
4047	120179	1	1
4048	120191	1	1
4049	120203	1	1
4050	120215	1	1
4051	120227	1	1
4052	120239	1	1
4053	120251	1	1
4054	120263	1	1
4055	120275	1	1
4056	120287	5	4
4057	120324	2	1
4058	120342	1	1
4059	120354	1	1
4060	120366	1	1
4061	120378	3	3
4062	120403	3	2
4063	120428	3	3
4064	120453	1	1
4065	120465	1	1
4066	120477	1	1
4067	120489	4	3
4068	120520	3	3
4069	120546	1	1
4070	120558	1	1
4071	120570	1	1
4072	120582	1	1
4073	120594	1	1
4074	120606	1	1
4075	120618	3	3
4076	120643	1	1
4077	120655	1	1
4078	120667	1	1
4079	120680	1	1
4080	120693	1	1
4081	120706	1	1
4082	120719	2	2
4083	120738	5	3
4084	120779	3	2
4085	120804	1	1
4086	120817	1	1
4087	120830	2	1
4088	120850	2	1
4089	120870	1	1
4090	120883	1	1
4091	120896	2	2
4092	120916	4	2
4093	120948	1	1
4094	120961	1	1
4095	120974	1	1
4096	120987	2	2
4097	121004	1	1
4098	121015	1	1
4099	121026	3	1
4100	121049	4	1
4101	121079	1	1
4102	121090	2	2
4103	121109	2	1
4104	121128	1	1
4105	121140	1	1
4106	121152	1	1
4107	121164	2	1
4108	121183	1	1
4109	121195	8	2
4110	121254	7	1
4111	121306	2	1
4112	121325	2	2
4113	121344	1	1
4114	121356	1	1
4115	121368	5	3
4116	121408	2	2
4117	121427	1	1
4118	121439	1	1
4119	121451	1	1
4120	121463	1	1
4121	121475	1	1
4122	121487	1	1
4123	121499	1	1
4124	121511	1	1
4125	121523	1	1
4126	121535	2	2
4127	121552	2	2
4128	121571	6	3
4129	121618	1	1
4130	121630	1	1
4131	121642	1	1
4132	121654	1	1
4133	121666	1	1
4134	121679	3	3
4135	121705	3	1
4136	121732	2	1
4137	121752	2	2
4138	121772	1	1
4139	121785	1	1
4140	121798	1	1
4141	121811	2	2
4142	121831	2	1
4143	121851	1	1
4144	121864	1	1
4145	121877	1	1
4146	121890	1	1
4147	121903	1	1
4148	121916	2	1
4149	121936	1	1
4150	121949	1	1
4151	121962	1	1
4152	121975	1	1
4153	121988	1	1
4154	122001	1	1
4155	122014	1	1
4156	122027	1	1
4157	122040	1	1
4158	122053	3	1
4159	122080	1	1
4160	122093	1	1
4161	122106	2	2
4162	122125	1	1
4163	122138	1	1
4164	122151	1	1
4165	122164	2	1
4166	122184	1	1
4167	122197	1	1
4168	122210	1	1
4169	122223	1	1
4170	122236	1	1
4171	122249	1	1
4172	122260	4	2
4173	122289	3	1
4174	122314	4	1
4175	122346	1	1
4176	122358	2	1
4177	122376	2	1
4178	122394	1	1
4179	122406	1	1
4180	122418	3	3
4181	122444	2	2
4182	122463	1	1
4183	122475	1	1
4184	122487	2	1
4185	122506	2	1
4186	122525	2	2
4187	122544	1	1
4188	122556	4	1
4189	122589	1	1
4190	122601	3	3
4191	122626	1	1
4192	122638	1	1
4193	122651	1	1
4194	122664	1	1
4195	122677	2	1
4196	122697	1	1
4197	122710	3	1
4198	122737	1	1
4199	122750	2	1
4200	122770	1	1
4201	122783	3	1
4202	122810	1	1
4203	122823	2	2
4204	122843	1	1
4205	122856	1	1
4206	122869	6	1
4207	122917	2	1
4208	122937	4	4
4209	122969	1	1
4210	122982	2	2
4211	123001	1	1
4212	123014	2	2
4213	123033	1	1
4214	123046	1	1
4215	123059	1	1
4216	123072	1	1
4217	123085	2	2
4218	123105	1	1
4219	123118	3	3
4220	123144	1	1
4221	123157	1	1
4222	123170	1	1
4223	123183	5	3
4224	123222	2	2
4225	123242	1	1
4226	123255	3	2
4227	123282	2	1
4228	123300	1	1
4229	123311	1	1
4230	123322	1	1
4231	123333	1	1
4232	123344	1	1
4233	123356	1	1
4234	123368	2	1
4235	123387	1	1
4236	123399	1	1
4237	123411	2	2
4238	123429	1	1
4239	123441	1	1
4240	123453	1	1
4241	123465	1	1
4242	123477	2	2
4243	123496	2	1
4244	123514	2	2
4245	123533	1	1
4246	123545	4	1
4247	123578	4	1
4248	123610	4	1
4249	123642	4	1
4250	123675	1	1
4251	123687	1	1
4252	123699	1	1
4253	123711	1	1
4254	123723	1	1
4255	123735	3	2
4256	123761	1	1
4257	123773	1	1
4258	123785	1	1
4259	123797	5	2
4260	123836	4	1
4261	123869	1	1
4262	123881	1	1
4263	123893	1	1
4264	123906	1	1
4265	123919	1	1
4266	123932	1	1
4267	123945	1	1
4268	123958	2	2
4269	123976	2	1
4270	123996	2	2
4271	124016	2	1
4272	124036	1	1
4273	124049	3	2
4274	124075	1	1
4275	124088	1	1
4276	124101	1	1
4277	124114	5	3
4278	124155	2	2
4279	124173	2	1
4280	124193	1	1
4281	124206	1	1
4282	124219	1	1
4283	124232	3	3
4284	124255	1	1
4285	124268	2	2
4286	124288	1	1
4287	124301	1	1
4288	124314	1	1
4289	124327	2	2
4290	124346	2	2
4291	124366	1	1
4292	124379	1	1
4293	124392	1	1
4294	124405	4	3
4295	124438	1	1
4296	124449	1	1
4297	124460	2	1
4298	124478	2	1
4299	124496	2	1
4300	124514	2	1
4301	124532	4	2
4302	124562	1	1
4303	124574	3	1
4304	124598	3	1
4305	124622	3	2
4306	124646	1	1
4307	124658	5	4
4308	124694	2	2
4309	124713	1	1
4310	124725	4	3
4311	124756	1	1
4312	124768	1	1
4313	124780	1	1
4314	124792	1	1
4315	124804	1	1
4316	124816	4	3
4317	124847	3	2
4318	124873	1	1
4319	124885	1	1
4320	124897	1	1
4321	124909	1	1
4322	124921	1	1
4323	124933	1	1
4324	124946	1	1
4325	124959	3	3
4326	124985	2	2
4327	125004	1	1
4328	125017	1	1
4329	125030	2	2
4330	125050	1	1
4331	125063	1	1
4332	125074	1	1
4333	125085	2	1
4334	125102	1	1
4335	125113	1	1
4336	125125	1	1
4337	125137	2	2
4338	125156	5	1
4339	125195	2	1
4340	125214	3	2
4341	125240	3	2
4342	125265	1	1
4343	125277	1	1
4344	125289	5	2
4345	125327	1	1
4346	125339	1	1
4347	125351	8	3
4348	125410	2	1
4349	125429	4	1
4350	125462	1	1
4351	125474	2	1
4352	125493	1	1
4353	125505	1	1
4354	125517	1	1
4355	125529	1	1
4356	125541	2	2
4357	125560	1	1
4358	125572	1	1
4359	125584	4	4
4360	125616	2	2
4361	125635	1	1
4362	125647	4	3
4363	125680	1	1
4364	125692	1	1
4365	125705	3	2
4366	125731	1	1
4367	125744	3	3
4368	125770	1	1
4369	125783	3	1
4370	125810	3	2
4371	125836	3	1
4372	125863	2	1
4373	125883	2	1
4374	125903	1	1
4375	125916	1	1
4376	125929	1	1
4377	125942	1	1
4378	125955	1	1
4379	125968	1	1
4380	125981	2	2
4381	126001	1	1
4382	126014	1	1
4383	126027	1	1
4384	126040	1	1
4385	126053	2	1
4386	126073	1	1
4387	126086	1	1
4388	126099	1	1
4389	126112	1	1
4390	126125	2	2
4391	126145	1	1
4392	126158	2	1
4393	126178	1	1
4394	126191	1	1
4395	126204	1	1
4396	126217	1	1
4397	126230	3	2
4398	126257	2	2
4399	126275	2	2
4400	126294	3	3
4401	126319	3	2
4402	126344	2	2
4403	126362	2	2
4404	126381	5	1
4405	126419	1	1
4406	126431	3	1
4407	126457	2	2
4408	126476	1	1
4409	126488	1	1
4410	126500	2	1
4411	126519	1	1
4412	126531	2	1
4413	126551	1	1
4414	126564	1	1
4415	126577	1	1
4416	126590	1	1
4417	126603	1	1
4418	126616	1	1
4419	126629	1	1
4420	126642	1	1
4421	126655	1	1
4422	126668	2	1
4423	126688	1	1
4424	126701	1	1
4425	126714	1	1
4426	126727	1	1
4427	126740	1	1
4428	126753	2	2
4429	126773	1	1
4430	126786	4	1
4431	126820	1	1
4432	126833	1	1
4433	126846	2	2
4434	126866	3	3
4435	126893	1	1
4436	126906	1	1
4437	126919	1	1
4438	126932	1	1
4439	126945	1	1
4440	126958	1	1
4441	126971	1	1
4442	126984	1	1
4443	126997	1	1
4444	127010	3	3
4445	127035	1	1
4446	127048	2	1
4447	127068	3	1
4448	127095	2	1
4449	127115	1	1
4450	127128	1	1
4451	127141	1	1
4452	127154	1	1
4453	127167	2	2
4454	127187	2	1
4455	127207	1	1
4456	127220	1	1
4457	127233	1	1
4458	127246	1	1
4459	127259	1	1
4460	127272	1	1
4461	127285	2	2
4462	127305	1	1
4463	127318	1	1
4464	127331	1	1
4465	127344	1	1
4466	127357	1	1
4467	127370	1	1
4468	127383	1	1
4469	127396	1	1
4470	127409	3	1
4471	127432	1	1
4472	127443	1	1
4473	127454	1	1
4474	127465	1	1
4475	127476	1	1
4476	127487	3	1
4477	127511	1	1
4478	127523	1	1
4479	127535	1	1
4480	127547	1	1
4481	127559	1	1
4482	127571	1	1
4483	127583	1	1
4484	127595	1	1
4485	127607	1	1
4486	127619	1	1
4487	127631	3	1
4488	127657	2	2
4489	127675	2	1
4490	127694	1	1
4491	127706	2	1
4492	127724	8	6
4493	127779	1	1
4494	127791	1	1
4495	127803	1	1
4496	127815	1	1
4497	127827	1	1
4498	127839	1	1
4499	127851	1	1
4500	127863	5	4
4501	127901	3	3
4502	127926	1	1
4503	127938	1	1
4504	127950	1	1
4505	127962	2	1
4506	127982	1	1
4507	127995	1	1
4508	128008	1	1
4509	128021	1	1
4510	128034	1	1
4511	128047	7	3
4512	128100	1	1
4513	128113	1	1
4514	128126	1	1
4515	128139	1	1
4516	128152	1	1
4517	128165	1	1
4518	128178	1	1
4519	128191	1	1
4520	128204	1	1
4521	128217	2	2
4522	128237	1	1
4523	128250	1	1
4524	128263	1	1
4525	128276	1	1
4526	128289	1	1
4527	128302	1	1
4528	128315	1	1
4529	128328	1	1
4530	128341	1	1
4531	128354	1	1
4532	128367	12	3
4533	128446	2	1
4534	128463	4	1
4535	128493	1	1
4536	128505	1	1
4537	128517	1	1
4538	128529	4	1
4539	128559	1	1
4540	128571	5	3
4541	128608	1	1
4542	128620	1	1
4543	128632	1	1
4544	128644	2	1
4545	128662	1	1
4546	128674	1	1
4547	128686	1	1
4548	128698	1	1
4549	128710	1	1
4550	128722	1	1
4551	128734	1	1
4552	128746	1	1
4553	128758	3	1
4554	128782	1	1
4555	128794	2	1
4556	128812	1	1
4557	128824	1	1
4558	128836	3	3
4559	128860	1	1
4560	128872	1	1
4561	128884	1	1
4562	128896	3	2
4563	128922	5	3
4564	128957	1	1
4565	128969	1	1
4566	128982	1	1
4567	128995	1	1
4568	129008	1	1
4569	129019	1	1
4570	129030	6	5
4571	129073	1	1
4572	129084	1	1
4573	129096	2	1
4574	129114	3	1
4575	129138	1	1
4576	129150	3	2
4577	129175	3	2
4578	129200	1	1
4579	129212	1	1
4580	129224	3	2
4581	129250	1	1
4582	129262	3	2
4583	129288	1	1
4584	129300	1	1
4585	129312	1	1
4586	129324	2	1
4587	129342	4	4
4588	129375	1	1
4589	129387	1	1
4590	129399	3	1
4591	129424	2	2
4592	129442	1	1
4593	129454	2	2
4594	129473	1	1
4595	129485	1	1
4596	129497	1	1
4597	129509	2	2
4598	129527	2	2
4599	129546	2	2
4600	129564	1	1
4601	129576	1	1
4602	129588	1	1
4603	129601	1	1
4604	129614	1	1
4605	129627	1	1
4606	129640	4	1
4607	129669	4	1
4608	129701	1	1
4609	129713	3	2
4610	129738	1	1
4611	129750	1	1
4612	129762	2	2
4613	129781	1	1
4614	129793	1	1
4615	129805	1	1
4616	129818	1	1
4617	129831	2	2
4618	129851	1	1
4619	129864	1	1
4620	129877	3	1
4621	129904	1	1
4622	129917	1	1
4623	129930	1	1
4624	129943	1	1
4625	129956	3	3
4626	129983	1	1
4627	129996	1	1
4628	130009	1	1
4629	130022	1	1
4630	130035	1	1
4631	130048	1	1
4632	130061	2	1
4633	130081	1	1
4634	130094	1	1
4635	130107	1	1
4636	130120	1	1
4637	130133	1	1
4638	130146	1	1
4639	130159	2	2
4640	130179	1	1
4641	130192	1	1
4642	130205	1	1
4643	130218	1	1
4644	130229	4	1
4645	130259	3	1
4646	130283	1	1
4647	130294	2	1
4648	130311	5	1
4649	130348	1	1
4650	130360	1	1
4651	130372	2	2
4652	130391	1	1
4653	130403	1	1
4654	130415	1	1
4655	130427	2	2
4656	130446	1	1
4657	130458	3	1
4658	130483	2	1
4659	130501	1	1
4660	130513	2	2
4661	130532	1	1
4662	130544	1	1
4663	130556	1	1
4664	130568	3	3
4665	130594	1	1
4666	130606	1	1
4667	130618	1	1
4668	130630	1	1
4669	130642	2	2
4670	130660	1	1
4671	130672	1	1
4672	130684	1	1
4673	130697	1	1
4674	130710	1	1
4675	130723	1	1
4676	130736	1	1
4677	130749	1	1
4678	130762	1	1
4679	130775	2	2
4680	130792	2	2
4681	130809	4	2
4682	130839	1	1
4683	130851	5	2
4684	130888	4	2
4685	130919	4	2
4686	130949	2	2
4687	130968	2	2
4688	130987	3	2
4689	131013	2	2
4690	131032	3	1
4691	131058	2	1
4692	131077	3	2
4693	131102	1	1
4694	131114	1	1
4695	131126	1	1
4696	131138	1	1
4697	131150	1	1
4698	131162	2	2
4699	131180	1	1
4700	131193	4	3
4701	131226	1	1
4702	131239	6	2
4703	131283	5	2
4704	131321	2	2
4705	131341	3	3
4706	131367	2	2
4707	131386	1	1
4708	131399	2	2
4709	131418	4	3
4710	131451	1	1
4711	131464	1	1
4712	131477	1	1
4713	131490	1	1
4714	131503	1	1
4715	131516	1	1
4716	131529	1	1
4717	131542	2	1
4718	131562	1	1
4719	131575	1	1
4720	131588	2	2
4721	131608	1	1
4722	131621	1	1
4723	131634	1	1
4724	131647	2	1
4725	131667	1	1
4726	131680	1	1
4727	131693	1	1
4728	131706	2	2
4729	131725	1	1
4730	131738	2	2
4731	131757	1	1
4732	131770	1	1
4733	131783	2	1
4734	131803	3	2
4735	131828	1	1
4736	131841	1	1
4737	131854	1	1
4738	131867	1	1
4739	131880	1	1
4740	131893	1	1
4741	131906	1	1
4742	131919	1	1
4743	131932	1	1
4744	131945	1	1
4745	131958	1	1
4746	131971	1	1
4747	131984	1	1
4748	131997	1	1
4749	132010	1	1
4750	132023	1	1
4751	132036	1	1
4752	132049	1	1
4753	132062	1	1
4754	132075	1	1
4755	132088	1	1
4756	132101	1	1
4757	132114	1	1
4758	132127	3	1
4759	132154	1	1
4760	132167	1	1
4761	132180	2	2
4762	132200	1	1
4763	132213	1	1
4764	132226	1	1
4765	132239	1	1
4766	132252	1	1
4767	132265	1	1
4768	132278	1	1
4769	132291	1	1
4770	132304	1	1
4771	132317	1	1
4772	132330	1	1
4773	132343	1	1
4774	132356	2	1
4775	132376	2	1
4776	132396	1	1
4777	132409	1	1
4778	132422	1	1
4779	132435	1	1
4780	132446	1	1
4781	132457	1	1
4782	132468	2	1
4783	132485	1	1
4784	132496	2	1
4785	132514	1	1
4786	132526	1	1
4787	132538	1	1
4788	132550	1	1
4789	132562	1	1
4790	132574	1	1
4791	132586	1	1
4792	132598	1	1
4793	132610	1	1
4794	132622	1	1
4795	132634	1	1
4796	132646	1	1
4797	132658	1	1
4798	132670	1	1
4799	132682	1	1
4800	132694	1	1
4801	132706	1	1
4802	132718	1	1
4803	132730	1	1
4804	132742	1	1
4805	132754	1	1
4806	132766	1	1
4807	132779	1	1
4808	132792	1	1
4809	132805	1	1
4810	132816	5	1
4811	132853	1	1
4812	132865	2	1
4813	132884	1	1
4814	132896	3	1
4815	132920	6	1
4816	132964	1	1
4817	132976	2	2
4818	132995	2	2
4819	133013	1	1
4820	133025	2	1
4821	133043	2	2
4822	133061	1	1
4823	133073	1	1
4824	133085	2	1
4825	133104	3	2
4826	133128	1	1
4827	133141	4	3
4828	133173	3	2
4829	133199	1	1
4830	133212	5	5
4831	133252	1	1
4832	133265	1	1
4833	133278	1	1
4834	133291	2	2
4835	133310	1	1
4836	133323	1	1
4837	133336	1	1
4838	133349	1	1
4839	133360	3	3
4840	133383	2	1
4841	133401	1	1
4842	133412	2	2
4843	133430	1	1
4844	133442	1	1
4845	133454	2	1
4846	133473	1	1
4847	133485	3	2
4848	133510	4	1
4849	133541	5	5
4850	133577	1	1
4851	133589	1	1
4852	133601	1	1
4853	133613	1	1
4854	133625	1	1
4855	133637	2	2
4856	133655	2	1
4857	133674	2	2
4858	133693	2	2
4859	133711	1	1
4860	133723	1	1
4861	133735	1	1
4862	133747	1	1
4863	133759	1	1
4864	133771	1	1
4865	133783	1	1
4866	133795	2	1
4867	133814	1	1
4868	133826	4	3
4869	133857	2	2
4870	133875	1	1
4871	133888	2	2
4872	133907	1	1
4873	133920	1	1
4874	133933	1	1
4875	133946	1	1
4876	133959	1	1
4877	133972	5	2
4878	134012	1	1
4879	134025	1	1
4880	134038	1	1
4881	134051	1	1
4882	134064	1	1
4883	134077	1	1
4884	134090	1	1
4885	134103	1	1
4886	134116	1	1
4887	134129	1	1
4888	134142	1	1
4889	134155	1	1
4890	134168	1	1
4891	134181	1	1
4892	134194	1	1
4893	134207	1	1
4894	134218	2	1
4895	134235	1	1
4896	134246	1	1
4897	134257	4	1
4898	134286	2	2
4899	134304	1	1
4900	134316	2	2
4901	134335	1	1
4902	134347	2	2
4903	134365	1	1
4904	134377	2	2
4905	134396	1	1
4906	134408	1	1
4907	134420	1	1
4908	134432	1	1
4909	134444	6	2
4910	134489	4	1
4911	134519	3	1
4912	134543	3	2
4913	134569	2	1
4914	134588	1	1
4915	134600	2	1
4916	134618	1	1
4917	134630	2	1
4918	134648	2	1
4919	134667	1	1
4920	134679	3	2
4921	134704	1	1
4922	134716	1	1
4923	134728	1	1
4924	134740	1	1
4925	134752	2	1
4926	134771	1	1
4927	134783	1	1
4928	134795	1	1
4929	134807	2	2
4930	134826	2	1
4931	134845	2	2
4932	134864	4	2
4933	134897	1	1
4934	134909	1	1
4935	134921	3	2
4936	134947	2	2
4937	134966	1	1
4938	134978	2	2
4939	134996	1	1
4940	135008	3	2
4941	135034	1	1
4942	135046	1	1
4943	135058	1	1
4944	135070	2	1
4945	135089	1	1
4946	135101	1	1
4947	135114	2	1
4948	135134	1	1
4949	135147	1	1
4950	135160	1	1
4951	135173	1	1
4952	135186	1	1
4953	135199	2	1
4954	135219	1	1
4955	135232	2	1
4956	135252	1	1
4957	135265	1	1
4958	135278	1	1
4959	135291	1	1
4960	135304	1	1
4961	135317	1	1
4962	135330	1	1
4963	135343	1	1
4964	135356	2	2
4965	135376	1	1
4966	135389	2	2
4967	135409	1	1
4968	135422	1	1
4969	135435	1	1
4970	135448	1	1
4971	135461	1	1
4972	135474	1	1
4973	135487	1	1
4974	135500	4	1
4975	135534	1	1
4976	135547	1	1
4977	135560	1	1
4978	135573	2	1
4979	135593	1	1
4980	135606	2	1
4981	135626	1	1
4982	135639	1	1
4983	135652	1	1
4984	135665	1	1
4985	135678	1	1
4986	135691	1	1
4987	135704	1	1
4988	135717	1	1
4989	135730	1	1
4990	135743	1	1
4991	135756	1	1
4992	135769	1	1
4993	135782	2	1
4994	135802	1	1
4995	135815	1	1
4996	135828	1	1
4997	135841	1	1
4998	135854	1	1
4999	135867	1	1
5000	135880	1	1
5001	135893	1	1
5002	135906	1	1
5003	135919	1	1
5004	135930	1	1
5005	135941	9	1
5006	136005	1	1
5007	136016	2	1
5008	136034	1	1
5009	136046	1	1
5010	136058	1	1
5011	136070	1	1
5012	136082	2	1
5013	136101	1	1
5014	136113	1	1
5015	136125	2	1
5016	136144	2	1
5017	136163	6	3
5018	136209	1	1
5019	136221	3	2
5020	136247	1	1
5021	136259	3	1
5022	136285	1	1
5023	136297	1	1
5024	136309	1	1
5025	136321	1	1
5026	136333	1	1
5027	136345	1	1
5028	136357	1	1
5029	136369	1	1
5030	136381	1	1
5031	136394	1	1
5032	136407	1	1
5033	136420	1	1
5034	136433	1	1
5035	136446	2	2
5036	136465	1	1
5037	136478	1	1
5038	136491	1	1
5039	136504	2	1
5040	136524	2	1
5041	136544	3	1
5042	136571	1	1
5043	136584	2	2
5044	136604	1	1
5045	136617	8	2
5046	136677	3	2
5047	136703	4	2
5048	136737	1	1
5049	136750	1	1
5050	136763	1	1
5051	136776	1	1
5052	136789	1	1
5053	136802	1	1
5054	136815	1	1
5055	136828	2	1
5056	136848	1	1
5057	136861	1	1
5058	136874	2	2
5059	136894	1	1
5060	136907	1	1
5061	136920	1	1
5062	136933	1	1
5063	136946	1	1
5064	136959	1	1
5065	136972	1	1
5066	136985	2	1
5067	137005	1	1
5068	137018	1	1
5069	137031	1	1
5070	137044	1	1
5071	137057	1	1
5072	137070	1	1
5073	137083	2	1
5074	137103	2	2
5075	137122	2	2
5076	137142	1	1
5077	137155	1	1
5078	137168	1	1
5079	137181	2	2
5080	137201	2	2
5081	137220	1	1
5082	137233	1	1
5083	137246	1	1
5084	137259	1	1
5085	137270	1	1
5086	137282	1	1
5087	137294	1	1
5088	137306	1	1
5089	137318	2	1
5090	137336	1	1
5091	137348	6	2
5092	137393	2	2
5093	137411	1	1
5094	137423	3	1
5095	137447	1	1
5096	137459	1	1
5097	137471	1	1
5098	137483	1	1
5099	137495	2	1
5100	137513	1	1
5101	137525	1	1
5102	137537	1	1
5103	137549	1	1
5104	137561	1	1
5105	137573	1	1
5106	137584	4	1
5107	137615	2	2
5108	137633	4	2
5109	137664	7	2
5110	137717	1	1
5111	137729	2	2
5112	137748	2	2
5113	137767	1	1
5114	137779	1	1
5115	137791	1	1
5116	137803	1	1
5117	137815	1	1
5118	137827	1	1
5119	137839	2	2
5120	137858	1	1
5121	137870	1	1
5122	137882	1	1
5123	137894	1	1
5124	137906	1	1
5125	137918	5	1
5126	137957	1	1
5127	137969	1	1
5128	137981	3	1
5129	138007	2	1
5130	138026	1	1
5131	138038	8	2
5132	138100	1	1
5133	138113	1	1
5134	138126	2	2
5135	138146	2	2
5136	138166	2	1
5137	138186	1	1
5138	138199	1	1
5139	138212	2	2
5140	138232	2	1
5141	138252	2	2
5142	138271	2	2
5143	138291	1	1
5144	138304	3	2
5145	138331	1	1
5146	138344	1	1
5147	138357	1	1
5148	138370	1	1
5149	138383	1	1
5150	138396	2	2
5151	138415	1	1
5152	138428	1	1
5153	138441	1	1
5154	138454	1	1
5155	138467	2	2
5156	138487	1	1
5157	138500	1	1
5158	138513	1	1
5159	138526	1	1
5160	138539	1	1
5161	138552	2	2
5162	138572	1	1
5163	138585	1	1
5164	138598	1	1
5165	138611	2	2
5166	138631	1	1
5167	138644	1	1
5168	138657	4	3
5169	138691	2	2
5170	138711	1	1
5171	138724	1	1
5172	138737	1	1
5173	138750	3	3
5174	138777	1	1
5175	138790	1	1
5176	138803	1	1
5177	138816	1	1
5178	138829	1	1
5179	138842	1	1
5180	138855	1	1
5181	138868	1	1
5182	138881	2	2
5183	138901	2	1
5184	138921	1	1
5185	138934	1	1
5186	138947	1	1
5187	138960	2	2
5188	138980	3	3
5189	139007	3	3
5190	139032	1	1
5191	139045	1	1
5192	139058	1	1
5193	139071	2	2
5194	139090	1	1
5195	139103	4	1
5196	139133	2	1
5197	139151	2	1
5198	139170	2	1
5199	139188	1	1
5200	139200	1	1
5201	139212	1	1
5202	139224	1	1
5203	139236	2	1
5204	139254	1	1
5205	139266	1	1
5206	139278	5	2
5207	139316	1	1
5208	139328	1	1
5209	139340	1	1
5210	139352	4	1
5211	139384	1	1
5212	139396	2	1
5213	139415	2	1
5214	139434	2	1
5215	139453	1	1
5216	139465	1	1
5217	139477	2	1
5218	139496	1	1
5219	139508	1	1
5220	139520	2	2
5221	139539	1	1
5222	139552	3	2
5223	139579	1	1
5224	139592	1	1
5225	139605	1	1
5226	139618	1	1
5227	139631	3	1
5228	139658	1	1
5229	139671	1	1
5230	139684	2	1
5231	139704	1	1
5232	139717	1	1
5233	139730	1	1
5234	139743	1	1
5235	139756	4	2
5236	139788	1	1
5237	139801	1	1
5238	139814	1	1
5239	139827	1	1
5240	139840	1	1
5241	139853	1	1
5242	139866	2	2
5243	139886	1	1
5244	139899	1	1
5245	139910	2	1
5246	139927	1	1
5247	139938	1	1
5248	139950	1	1
5249	139962	1	1
5250	139974	1	1
5251	139986	1	1
5252	139998	1	1
5253	140010	1	1
5254	140022	1	1
5255	140034	2	2
5256	140052	1	1
5257	140064	1	1
5258	140076	1	1
5259	140088	1	1
5260	140100	1	1
5261	140112	1	1
5262	140124	1	1
5263	140136	1	1
5264	140148	1	1
5265	140160	1	1
5266	140172	1	1
5267	140184	1	1
5268	140196	1	1
5269	140208	3	1
5270	140232	1	1
5271	140244	1	1
5272	140256	2	1
5273	140274	1	1
5274	140286	1	1
5275	140298	1	1
5276	140310	1	1
5277	140322	2	1
5278	140340	1	1
5279	140352	1	1
5280	140364	1	1
5281	140376	1	1
5282	140388	1	1
5283	140400	1	1
5284	140412	1	1
5285	140424	1	1
5286	140436	1	1
5287	140448	1	1
5288	140460	1	1
5289	140472	1	1
5290	140483	1	1
5291	140495	1	1
5292	140507	1	1
5293	140519	1	1
5294	140531	1	1
5295	140543	1	1
5296	140555	2	2
5297	140573	1	1
5298	140585	2	1
5299	140604	1	1
5300	140616	1	1
5301	140628	2	2
5302	140646	1	1
5303	140658	1	1
5304	140670	1	1
5305	140683	1	1
5306	140696	3	1
5307	140720	1	1
5308	140731	1	1
5309	140742	1	1
5310	140754	1	1
5311	140766	1	1
5312	140778	1	1
5313	140790	1	1
5314	140802	1	1
5315	140814	4	1
5316	140845	4	1
5317	140877	4	1
5318	140909	1	1
5319	140921	1	1
5320	140933	2	1
5321	140951	1	1
5322	140963	1	1
5323	140975	1	1
5324	140987	1	1
5325	140999	1	1
5326	141011	1	1
5327	141023	1	1
5328	141035	1	1
5329	141047	2	1
5330	141066	1	1
5331	141078	1	1
5332	141090	1	1
5333	141102	1	1
5334	141114	1	1
5335	141126	1	1
5336	141138	1	1
5337	141151	1	1
5338	141164	1	1
5339	141177	2	2
5340	141197	1	1
5341	141210	1	1
5342	141223	1	1
5343	141236	1	1
5344	141249	1	1
5345	141262	1	1
5346	141275	1	1
5347	141288	4	2
5348	141322	1	1
5349	141335	2	2
5350	141354	1	1
5351	141367	1	1
5352	141380	2	2
5353	141398	1	1
5354	141409	2	2
5355	141428	1	1
5356	141440	1	1
5357	141452	1	1
5358	141464	2	1
5359	141483	2	2
5360	141502	1	1
5361	141515	1	1
5362	141528	2	1
5363	141548	3	2
5364	141574	1	1
5365	141587	2	1
5366	141607	4	3
5367	141639	1	1
5368	141652	1	1
5369	141665	2	2
5370	141685	1	1
5371	141698	2	1
5372	141718	1	1
5373	141731	2	2
5374	141750	1	1
5375	141763	1	1
5376	141776	1	1
5377	141789	1	1
5378	141802	1	1
5379	141815	1	1
5380	141828	1	1
5381	141841	2	1
5382	141861	1	1
5383	141874	2	2
5384	141894	1	1
5385	141907	1	1
5386	141920	1	1
5387	141933	1	1
5388	141946	1	1
5389	141959	1	1
5390	141972	1	1
5391	141985	2	2
5392	142005	1	1
5393	142018	1	1
5394	142031	1	1
5395	142044	1	1
5396	142057	1	1
5397	142070	1	1
5398	142083	1	1
5399	142096	1	1
5400	142109	3	1
5401	142133	1	1
5402	142145	2	1
5403	142164	1	1
5404	142176	3	1
5405	142201	1	1
5406	142213	1	1
5407	142225	1	1
5408	142237	1	1
5409	142249	1	1
5410	142261	1	1
5411	142273	1	1
5412	142285	4	1
5413	142318	1	1
5414	142330	1	1
5415	142342	1	1
5416	142354	3	2
5417	142380	2	2
5418	142398	1	1
5419	142410	2	2
5420	142430	1	1
5421	142443	1	1
5422	142456	3	2
5423	142482	1	1
5424	142495	1	1
5425	142508	1	1
5426	142521	1	1
5427	142534	1	1
5428	142547	1	1
5429	142560	1	1
5430	142573	1	1
5431	142586	1	1
5432	142599	1	1
5433	142612	1	1
5434	142625	1	1
5435	142638	1	1
5436	142651	2	1
5437	142671	1	1
5438	142684	1	1
5439	142697	1	1
5440	142710	1	1
5441	142723	2	1
5442	142743	1	1
5443	142756	1	1
5444	142769	2	2
5445	142788	1	1
5446	142801	1	1
5447	142814	1	1
5448	142827	1	1
5449	142840	1	1
5450	142853	1	1
5451	142866	1	1
5452	142879	1	1
5453	142892	1	1
5454	142905	1	1
5455	142918	1	1
5456	142931	3	1
5457	142958	1	1
5458	142971	1	1
5459	142984	1	1
5460	142997	1	1
5461	143010	1	1
5462	143023	1	1
5463	143036	1	1
5464	143047	11	2
5465	143120	2	2
5466	143136	4	2
5467	143164	4	2
5468	143194	3	3
5469	143219	2	2
5470	143237	2	2
5471	143255	1	1
5472	143267	2	2
5473	143285	6	2
5474	143327	2	2
5475	143345	3	2
5476	143370	3	2
5477	143395	2	2
5478	143413	1	1
5479	143425	1	1
5480	143437	1	1
5481	143449	4	2
5482	143479	2	2
5483	143497	1	1
5484	143509	1	1
5485	143521	1	1
5486	143533	1	1
5487	143545	1	1
5488	143557	2	2
5489	143575	2	2
5490	143594	2	2
5491	143613	2	2
5492	143632	2	2
5493	143651	1	1
5494	143664	1	1
5495	143677	1	1
5496	143690	2	1
5497	143710	1	1
5498	143723	1	1
5499	143736	1	1
5500	143749	1	1
5501	143762	1	1
5502	143775	1	1
5503	143788	2	2
5504	143808	1	1
5505	143821	1	1
5506	143834	1	1
5507	143847	1	1
5508	143860	1	1
5509	143873	1	1
5510	143886	1	1
5511	143899	1	1
5512	143912	1	1
5513	143925	1	1
5514	143937	1	1
5515	143949	4	1
5516	143979	1	1
5517	143991	1	1
5518	144003	1	1
5519	144015	1	1
5520	144027	1	1
5521	144039	1	1
5522	144051	1	1
5523	144063	1	1
5524	144075	1	1
5525	144087	1	1
5526	144099	1	1
5527	144111	3	1
5528	144136	1	1
5529	144149	1	1
5530	144162	1	1
5531	144175	1	1
5532	144188	1	1
5533	144201	1	1
5534	144214	1	1
5535	144225	4	1
5536	144257	4	2
5537	144289	1	1
5538	144301	2	1
5539	144320	1	1
5540	144332	1	1
5541	144344	2	1
5542	144363	3	1
5543	144389	2	1
5544	144408	2	1
5545	144427	1	1
5546	144439	4	1
5547	144471	1	1
5548	144483	1	1
5549	144495	1	1
5550	144508	1	1
5551	144521	1	1
5552	144534	1	1
5553	144547	1	1
5554	144560	2	1
5555	144580	1	1
5556	144593	1	1
5557	144606	1	1
5558	144619	1	1
5559	144632	1	1
5560	144645	2	1
5561	144665	1	1
5562	144678	1	1
5563	144691	1	1
5564	144704	1	1
5565	144717	1	1
5566	144730	1	1
5567	144743	1	1
5568	144756	1	1
5569	144769	1	1
5570	144782	1	1
5571	144795	1	1
5572	144808	1	1
5573	144821	1	1
5574	144834	1	1
5575	144847	1	1
5576	144860	1	1
5577	144873	1	1
5578	144886	1	1
5579	144899	1	1
5580	144912	2	1
5581	144932	1	1
5582	144945	1	1
5583	144958	1	1
5584	144971	1	1
5585	144984	1	1
5586	144997	3	2
5587	145024	1	1
5588	145037	2	2
5589	145057	1	1
5590	145070	3	2
5591	145097	2	2
5592	145117	1	1
5593	145130	2	1
5594	145150	1	1
5595	145163	1	1
5596	145176	3	1
5597	145203	1	1
5598	145216	1	1
5599	145229	1	1
5600	145242	1	1
5601	145255	1	1
5602	145268	1	1
5603	145281	1	1
5604	145294	1	1
5605	145307	1	1
5606	145320	1	1
5607	145333	1	1
5608	145346	1	1
5609	145359	2	1
5610	145376	1	1
5611	145387	1	1
5612	145398	1	1
5613	145409	1	1
5614	145420	1	1
5615	145431	1	1
5616	145443	1	1
5617	145455	1	1
5618	145467	1	1
5619	145479	1	1
5620	145491	1	1
5621	145503	1	1
5622	145514	3	1
5623	145538	1	1
5624	145550	1	1
5625	145562	1	1
5626	145574	1	1
5627	145586	1	1
5628	145598	1	1
5629	145610	1	1
5630	145622	1	1
5631	145634	1	1
5632	145646	1	1
5633	145658	1	1
5634	145670	1	1
5635	145682	1	1
5636	145694	1	1
5637	145706	1	1
5638	145718	1	1
5639	145730	1	1
5640	145742	1	1
5641	145754	1	1
5642	145766	3	2
5643	145792	1	1
5644	145805	1	1
5645	145818	2	1
5646	145838	1	1
5647	145851	1	1
5648	145864	1	1
5649	145877	1	1
5650	145890	1	1
5651	145903	1	1
5652	145916	1	1
5653	145929	1	1
5654	145942	1	1
5655	145955	1	1
5656	145968	1	1
5657	145981	1	1
5658	145994	1	1
5659	146005	2	2
5660	146023	1	1
5661	146035	2	1
5662	146054	1	1
5663	146066	1	1
5664	146078	1	1
5665	146090	1	1
5666	146102	1	1
5667	146114	1	1
5668	146126	1	1
5669	146138	1	1
5670	146150	1	1
5671	146162	1	1
5672	146174	2	1
5673	146192	1	1
5674	146204	1	1
5675	146216	1	1
5676	146228	1	1
5677	146240	1	1
5678	146252	1	1
5679	146264	1	1
5680	146276	2	1
5681	146294	1	1
5682	146306	1	1
5683	146318	1	1
5684	146330	2	1
5685	146348	1	1
5686	146360	1	1
5687	146372	1	1
5688	146384	1	1
5689	146396	1	1
5690	146408	1	1
5691	146420	1	1
5692	146432	1	1
5693	146444	4	2
5694	146477	1	1
5695	146489	1	1
5696	146502	1	1
5697	146515	1	1
5698	146528	1	1
5699	146541	1	1
5700	146554	1	1
5701	146567	1	1
5702	146580	1	1
5703	146593	1	1
5704	146606	1	1
5705	146619	1	1
5706	146632	1	1
5707	146645	1	1
5708	146658	1	1
5709	146671	1	1
5710	146683	3	1
5711	146709	1	1
5712	146721	1	1
5713	146733	1	1
5714	146746	1	1
5715	146759	1	1
5716	146772	1	1
5717	146785	1	1
5718	146798	4	1
5719	146832	2	1
5720	146852	1	1
5721	146865	2	1
5722	146885	1	1
5723	146898	1	1
5724	146911	1	1
5725	146924	1	1
5726	146937	1	1
5727	146950	1	1
5728	146963	1	1
5729	146974	3	1
5730	147000	1	1
5731	147012	1	1
5732	147024	1	1
5733	147036	3	1
5734	147062	2	1
5735	147081	1	1
5736	147093	3	1
5737	147119	1	1
5738	147131	2	1
5739	147150	2	1
5740	147169	1	1
5741	147181	1	1
5742	147193	1	1
5743	147205	1	1
5744	147217	1	1
5745	147229	1	1
5746	147241	1	1
5747	147253	2	2
5748	147272	1	1
5749	147284	1	1
5750	147296	1	1
5751	147308	1	1
5752	147321	2	1
5753	147341	5	1
5754	147382	1	1
5755	147395	1	1
5756	147408	1	1
5757	147421	1	1
5758	147434	1	1
5759	147447	1	1
5760	147460	1	1
5761	147473	1	1
5762	147486	1	1
5763	147499	1	1
5764	147512	1	1
5765	147525	1	1
5766	147538	1	1
5767	147551	1	1
5768	147564	1	1
5769	147577	1	1
5770	147590	1	1
5771	147603	2	1
5772	147623	1	1
5773	147636	1	1
5774	147649	1	1
5775	147662	1	1
5776	147675	1	1
5777	147688	1	1
5778	147701	1	1
5779	147714	1	1
5780	147727	1	1
5781	147740	1	1
5782	147753	1	1
5783	147766	1	1
5784	147779	1	1
5785	147792	1	1
5786	147805	1	1
5787	147818	1	1
5788	147831	2	1
5789	147851	2	1
5790	147871	2	1
5791	147891	1	1
5792	147904	1	1
5793	147917	1	1
5794	147930	1	1
5795	147943	1	1
5796	147956	1	1
5797	147969	1	1
5798	147980	4	1
5799	148009	1	1
5800	148020	1	1
5801	148031	1	1
5802	148042	1	1
5803	148054	1	1
5804	148066	1	1
5805	148078	2	1
5806	148097	1	1
5807	148109	3	1
5808	148134	1	1
5809	148146	1	1
5810	148158	1	1
5811	148170	1	1
5812	148182	1	1
5813	148194	1	1
5814	148206	1	1
5815	148218	1	1
5816	148230	1	1
5817	148242	1	1
5818	148254	1	1
5819	148266	1	1
5820	148278	1	1
5821	148291	1	1
5822	148304	1	1
5823	148317	1	1
5824	148330	1	1
5825	148343	1	1
5826	148356	1	1
5827	148369	1	1
5828	148382	1	1
5829	148395	1	1
5830	148408	1	1
5831	148421	1	1
5832	148434	14	1
5833	148534	1	1
5834	148545	1	1
5835	148556	1	1
5836	148567	2	1
5837	148585	1	1
5838	148597	1	1
5839	148609	1	1
5840	148621	2	1
5841	148640	1	1
5842	148652	1	1
5843	148664	2	1
5844	148682	2	1
5845	148701	1	1
5846	148713	1	1
5847	148725	6	1
5848	148772	3	1
5849	148798	1	1
5850	148810	1	1
5851	148822	5	1
5852	148862	7	1
5853	148916	1	1
5854	148928	1	1
5855	148940	2	1
5856	148959	1	1
5857	148972	1	1
5858	148985	1	1
5859	148998	1	1
5860	149011	1	1
5861	149024	1	1
5862	149037	1	1
5863	149050	1	1
5864	149063	1	1
5865	149076	1	1
5866	149089	1	1
5867	149102	1	1
5868	149115	1	1
5869	149128	1	1
5870	149141	1	1
5871	149154	1	1
5872	149167	1	1
5873	149180	1	1
5874	149193	1	1
5875	149206	1	1
5876	149219	1	1
5877	149232	1	1
5878	149245	1	1
5879	149258	1	1
5880	149271	1	1
5881	149284	1	1
5882	149297	1	1
5883	149310	1	1
5884	149323	1	1
5885	149336	1	1
5886	149349	2	1
5887	149369	1	1
5888	149382	1	1
5889	149395	2	1
5890	149415	1	1
5891	149428	1	1
5892	149441	1	1
5893	149454	1	1
5894	149467	2	1
5895	149487	1	1
5896	149500	1	1
5897	149513	1	1
5898	149526	1	1
5899	149539	1	1
5900	149552	1	1
5901	149565	1	1
5902	149578	1	1
5903	149591	1	1
5904	149604	1	1
5905	149617	1	1
5906	149630	1	1
5907	149643	2	2
5908	149663	1	1
5909	149676	1	1
5910	149689	1	1
5911	149702	2	1
5912	149722	1	1
5913	149735	1	1
5914	149748	1	1
5915	149761	1	1
5916	149774	1	1
5917	149787	1	1
5918	149800	1	1
5919	149813	1	1
5920	149826	1	1
5921	149839	1	1
5922	149852	1	1
5923	149865	1	1
5924	149878	1	1
5925	149891	1	1
5926	149904	1	1
5927	149917	1	1
5928	149930	1	1
5929	149943	1	1
5930	149956	1	1
5931	149969	1	1
5932	149982	1	1
5933	149995	1	1
5934	150008	1	1
5935	150019	1	1
5936	150031	1	1
5937	150043	1	1
5938	150055	1	1
5939	150067	1	1
5940	150079	1	1
5941	150091	1	1
5942	150104	1	1
5943	150117	1	1
5944	150130	1	1
5945	150143	1	1
5946	150156	1	1
5947	150169	1	1
5948	150182	1	1
5949	150195	1	1
5950	150208	1	1
5951	150221	1	1
5952	150234	1	1
5953	150247	1	1
5954	150260	1	1
5955	150273	1	1
5956	150286	1	1
5957	150299	2	1
5958	150319	1	1
5959	150332	1	1
5960	150345	1	1
5961	150358	2	1
5962	150378	1	1
5963	150391	1	1
5964	150404	1	1
5965	150417	1	1
5966	150430	1	1
5967	150443	1	1
5968	150456	1	1
5969	150469	1	1
5970	150482	1	1
5971	150495	1	1
5972	150508	1	1
5973	150521	1	1
5974	150534	1	1
5975	150547	1	1
5976	150560	1	1
5977	150573	1	1
5978	150586	1	1
5979	150599	1	1
5980	150612	1	1
5981	150625	1	1
5982	150638	1	1
5983	150651	1	1
5984	150664	1	1
5985	150677	1	1
5986	150690	1	1
